846345
846346
846347
846348
846349
846350
846351
846352
846353
846354
846355
846357
846358
846359
846360
846361
846362
846363
846364
846365
846366
846367
846368
846369
846370
846371
846372
846373
846374
846375
846376
846377
846378
846379
846380
846381
846382
846383
846384
846385
846386
846387
846388
846389
846390
846391
846392
846393
846394
846395
846396
846397
846398
846399
846400
846401
846402
846403
846404
846405
846406
846407
846408
846409
846410
846411
846412
846413
846414
846415
846416
846417
846418
846419
846420
846421
846422
846423
846424
846425
846426
846427
846428
846429
846430
846431
846432
846433
846434
846435
846436
846437
846438
846439
846440
846441
846442
846443
846444
846445
846446
846447
846448
846449
846450
846451
846452
846453
846454
846455
846456
846457
846458
846459
846460
846461
846462
846463
846464
846465
846466
846467
846468
846469
846470
846471
846472
846473
846474
846475
846476
846477
846478
846479
846480
846481
846482
846483
846484
846485
846486
846487
846488
846489
846490
846491
846492
846493
846494
846495
846496
846497
846498
846499
846500
846501
846502
846503
846504
846505
846506
846507
846508
846509
846510
846511
846512
846513
846514
846515
846516
846517
846518
846519
846520
846521
846522
846523
846524
846525
846526
846527
846528
846529
846530
846531
846532
846533
846534
846535
846536
846537
846538
846539
846540
846541
846542
846543
846544
846545
846546
846547
846548
846549
846550
846551
846552
846553
846554
846555
846556
846557
846558
846559
846560
846561
846562
846563
846564
846565
846566
846567
846568
846569
846570
846571
846572
846573
846574
846575
846576
846577
846578
846579
846580
846581
846582
846583
846584
846585
846586
846587
846588
846589
846590
846591
846595
846596
846597
846598
846599
846600
846601
846602
846603
846604
846605
846606
846607
846608
846609
846610
846611
846612
846613
846614
846615
846616
846617
846618
846619
846620
846621
846622
846623
846624
846625
846626
846627
846628
846629
846630
846631
846632
846633
846634
846635
846636
846637
846638
846639
846640
846641
846642
846643
846644
846645
846646
846647
846648
846649
846650
846651
846652
846653
846654
846655
846656
846657
846658
846659
846660
846661
846662
846663
846664
846665
846666
846667
846668
846669
846670
846671
846672
846673
846674
846675
846676
846677
846678
846679
846680
846681
846682
846683
846684
846685
846686
846687
846688
846689
846690
846691
846692
846693
846694
846695
846696
846697
846698
846699
846700
846701
846702
846703
846704
846705
846706
846707
846708
846709
846710
846711
846712
846713
846714
846715
846716
846717
846718
846719
846720
846721
846722
846723
846724
846725
846726
846727
846728
846729
846730
846731
846732
846733
846734
846735
846736
846737
846738
846739
846740
846741
846742
846743
846744
846745
846746
846747
846748
846749
846750
846751
846752
846753
846754
846755
846756
846757
846758
846759
846760
846761
846762
846763
846764
846765
846766
846767
846768
846769
846770
846771
846772
846773
846774
846775
846776
846777
846778
846779
846780
846781
846782
846783
846784
846785
846786
846787
846788
846789
846790
846791
846792
846793
846794
846795
846796
846797
846798
846799
846800
846801
846802
846803
846804
846805
846806
846807
846808
846809
846810
846811
846812
846813
846814
846815
846816
846817
846818
846819
846820
846821
846822
846823
846824
846825
846826
846827
846828
846829
846830
846831
846832
846833
846834
846835
846836
846837
846838
846839
846840
846841
846842
846843
846844
846845
846846
846847
846851
846852
846853
846854
846855
846856
846857
846858
846859
846860
846861
846862
846863
846864
846865
846866
846867
846868
846869
846870
846871
846872
846873
846874
846875
846876
846877
846878
846879
846880
846881
846882
846883
846884
846885
846886
846887
846888
846889
846890
846891
846892
846893
846894
846895
846896
846897
846898
846899
846900
846901
846902
846903
846904
846905
846906
846907
846908
846909
846910
846911
846912
846913
846914
846915
846916
846917
846918
846919
846920
846921
846922
846923
846924
846925
846926
846927
846928
846929
846930
846931
846932
846933
846934
846935
846936
846937
846938
846939
846940
846941
846942
846943
846944
846945
846946
846947
846948
846949
846950
846951
846952
846953
846954
846955
846956
846957
846958
846959
846960
846961
846962
846963
846964
846965
846966
846967
846968
846969
846970
846971
846972
846973
846974
846975
846976
846977
846978
846979
846980
846981
846982
846983
846984
846985
846986
846987
846988
846989
846990
846991
846992
846993
846994
846995
846996
846997
846998
846999
847000
847001
847002
847003
847004
847005
847006
847007
847008
847009
847010
847011
847012
847013
847014
847015
847016
847017
847018
847019
847020
847021
847022
847023
847024
847025
847026
847027
847028
847029
847030
847031
847032
847033
847034
847035
847036
847037
847038
847039
847040
847041
847042
847043
847044
847045
847046
847047
847048
847049
847050
847051
847052
847053
847054
847055
847056
847057
847058
847059
847060
847061
847062
847063
847064
847065
847066
847067
847068
847069
847070
847071
847072
847073
847074
847075
847076
847077
847078
847079
847080
847081
847082
847083
847084
847085
847086
847087
847088
847089
847090
847091
847092
847093
847094
847095
847096
847097
847098
847099
847100
847101
847102
847103
847107
847108
847109
847110
847111
847112
847113
847114
847115
847116
847117
847118
847119
847120
847121
847122
847123
847124
847125
847126
847127
847128
847129
847130
847131
847132
847133
847134
847135
847136
847137
847138
847139
847140
847141
847142
847143
847144
847145
847146
847147
847148
847149
847150
847151
847152
847153
847154
847155
847156
847157
847158
847159
847160
847161
847162
847163
847164
847165
847166
847167
847168
847169
847170
847171
847172
847173
847174
847175
847176
847177
847178
847179
847180
847181
847182
847183
847184
847185
847186
847187
847188
847189
847190
847191
847192
847193
847194
847195
847196
847197
847198
847199
847200
847201
847202
847203
847204
847205
847206
847207
847208
847209
847210
847211
847212
847213
847214
847215
847216
847217
847218
847219
847220
847221
847222
847223
847224
847225
847226
847227
847228
847229
847230
847231
847232
847233
847234
847235
847236
847237
847238
847239
847240
847241
847242
847243
847244
847245
847246
847247
847248
847249
847250
847251
847252
847253
847254
847255
847256
847257
847258
847259
847260
847261
847262
847263
847264
847265
847266
847267
847268
847269
847270
847271
847272
847273
847274
847275
847276
847277
847278
847279
847280
847281
847282
847283
847284
847285
847286
847287
847288
847289
847290
847291
847292
847293
847294
847295
847296
847297
847298
847299
847300
847301
847302
847303
847304
847305
847306
847307
847308
847309
847310
847311
847312
847313
847314
847315
847316
847317
847318
847319
847320
847321
847322
847323
847324
847325
847326
847327
847328
847329
847330
847331
847332
847333
847334
847335
847336
847337
847338
847339
847340
847341
847342
847343
847344
847345
847346
847347
847348
847349
847350
847351
847352
847353
847354
847355
847356
847357
847358
847359
847363
847364
847365
847366
847367
847368
847369
847370
847371
847372
847373
847374
847375
847376
847377
847378
847379
847380
847381
847382
847383
847384
847385
847386
847387
847388
847389
847390
847391
847392
847393
847394
847395
847396
847397
847398
847399
847400
847401
847402
847403
847404
847405
847406
847407
847408
847409
847410
847411
847412
847413
847414
847415
847416
847417
847418
847419
847420
847421
847422
847423
847424
847425
847426
847427
847428
847429
847430
847431
847432
847433
847434
847435
847436
847437
847438
847439
847440
847441
847442
847443
847444
847445
847446
847447
847448
847449
847450
847451
847452
847453
847454
847455
847456
847457
847458
847459
847460
847461
847462
847463
847464
847465
847466
847467
847468
847469
847470
847471
847472
847473
847474
847475
847476
847477
847478
847479
847480
847481
847482
847483
847484
847485
847486
847487
847488
847489
847490
847491
847492
847493
847494
847495
847496
847497
847498
847499
847500
847501
847502
847503
847504
847505
847506
847507
847508
847509
847510
847511
847512
847513
847514
847515
847516
847517
847518
847519
847520
847521
847522
847523
847524
847525
847526
847527
847528
847529
847530
847531
847532
847533
847534
847535
847536
847537
847538
847539
847540
847541
847542
847543
847544
847545
847546
847547
847548
847549
847550
847551
847552
847553
847554
847555
847556
847557
847558
847559
847560
847561
847562
847563
847564
847565
847566
847567
847568
847569
847570
847571
847572
847573
847574
847575
847576
847577
847578
847579
847580
847581
847582
847583
847584
847585
847586
847587
847588
847589
847590
847591
847592
847593
847594
847595
847596
847597
847598
847599
847600
847601
847602
847603
847604
847605
847606
847607
847608
847609
847610
847611
847612
847613
847614
847615
847619
847620
847621
847622
847623
847624
847625
847626
847627
847628
847629
847630
847631
847632
847633
847634
847635
847636
847637
847638
847639
847640
847641
847642
847643
847644
847645
847646
847647
847648
847649
847650
847651
847652
847653
847654
847655
847656
847657
847658
847659
847660
847661
847662
847663
847664
847665
847666
847667
847668
847669
847670
847671
847672
847673
847674
847675
847676
847677
847678
847679
847680
847681
847682
847683
847684
847685
847686
847687
847688
847689
847690
847691
847692
847693
847694
847695
847696
847697
847698
847699
847700
847701
847702
847703
847704
847705
847706
847707
847708
847709
847710
847711
847712
847713
847714
847715
847716
847717
847718
847719
847720
847721
847722
847723
847724
847725
847726
847727
847728
847729
847730
847731
847732
847733
847734
847735
847736
847737
847738
847739
847740
847741
847742
847743
847744
847745
847746
847747
847748
847749
847750
847751
847752
847753
847754
847755
847756
847757
847758
847759
847760
847761
847762
847763
847764
847765
847766
847767
847768
847769
847770
847771
847772
847773
847774
847775
847776
847777
847778
847779
847780
847781
847782
847783
847784
847785
847786
847787
847788
847789
847790
847791
847792
847793
847794
847795
847796
847797
847798
847799
847800
847801
847802
847803
847804
847805
847806
847807
847808
847809
847810
847811
847812
847813
847814
847815
847816
847817
847818
847819
847820
847821
847822
847823
847824
847825
847826
847827
847828
847829
847830
847831
847832
847833
847834
847835
847836
847837
847838
847839
847840
847841
847842
847843
847844
847845
847846
847847
847848
847849
847850
847851
847852
847853
847854
847855
847856
847857
847858
847859
847860
847861
847862
847863
847864
847865
847866
847867
847868
847869
847870
847871
847875
847876
847877
847878
847879
847880
847881
847882
847883
847884
847885
847886
847887
847888
847889
847890
847891
847892
847893
847894
847895
847896
847897
847898
847899
847900
847901
847902
847903
847904
847905
847906
847907
847908
847909
847910
847911
847912
847913
847914
847915
847916
847917
847918
847919
847920
847921
847922
847923
847924
847925
847926
847927
847928
847929
847930
847931
847932
847933
847934
847935
847936
847937
847938
847939
847940
847941
847942
847943
847944
847945
847946
847947
847948
847949
847950
847951
847952
847953
847954
847955
847956
847957
847958
847959
847960
847961
847962
847963
847964
847965
847966
847967
847968
847969
847970
847971
847972
847973
847974
847975
847976
847977
847978
847979
847980
847981
847982
847983
847984
847985
847986
847987
847988
847989
847990
847991
847992
847993
847994
847995
847996
847997
847998
847999
848000
848001
848002
848003
848004
848005
848006
848007
848008
848009
848010
848011
848012
848013
848014
848015
848016
848017
848018
848019
848020
848021
848022
848023
848024
848025
848026
848027
848028
848029
848030
848031
848032
848033
848034
848035
848036
848037
848038
848039
848040
848041
848042
848043
848044
848045
848046
848047
848048
848049
848050
848051
848052
848053
848054
848055
848056
848057
848058
848059
848060
848061
848062
848063
848064
848065
848066
848067
848068
848069
848070
848071
848072
848073
848074
848075
848076
848077
848078
848079
848080
848081
848082
848083
848084
848085
848086
848087
848088
848089
848090
848091
848092
848093
848094
848095
848096
848097
848098
848099
848100
848101
848102
848103
848104
848105
848106
848107
848108
848109
848110
848111
848112
848113
848114
848115
848116
848117
848118
848119
848120
848121
848122
848123
848124
848125
848126
848127
848131
848132
848133
848134
848135
848136
848137
848138
848139
848140
848141
848142
848143
848144
848145
848146
848147
848148
848149
848150
848151
848152
848153
848154
848155
848156
848157
848158
848159
848160
848161
848162
848163
848164
848165
848166
848167
848168
848169
848170
848171
848172
848173
848174
848175
848176
848177
848178
848179
848180
848181
848182
848183
848184
848185
848186
848187
848188
848189
848190
848191
848192
848193
848194
848195
848196
848197
848198
848199
848200
848201
848202
848203
848204
848205
848206
848207
848208
848209
848210
848211
848212
848213
848214
848215
848216
848217
848218
848219
848220
848221
848222
848223
848224
848225
848226
848227
848228
848229
848230
848231
848232
848233
848234
848235
848236
848237
848238
848239
848240
848241
848242
848243
848244
848245
848246
848247
848248
848249
848250
848251
848252
848253
848254
848255
848256
848257
848258
848259
848260
848261
848262
848263
848264
848265
848266
848267
848268
848269
848270
848271
848272
848273
848274
848275
848276
848277
848278
848279
848280
848281
848282
848283
848284
848285
848286
848287
848288
848289
848290
848291
848292
848293
848294
848295
848296
848297
848298
848299
848300
848301
848302
848303
848304
848305
848306
848307
848308
848309
848310
848311
848312
848313
848314
848315
848316
848317
848318
848319
848320
848321
848322
848323
848324
848325
848326
848327
848328
848329
848330
848331
848332
848333
848334
848335
848336
848337
848338
848339
848340
848341
848342
848343
848344
848345
848346
848347
848348
848349
848350
848351
848352
848353
848354
848355
848356
848357
848358
848359
848360
848361
848362
848363
848364
848365
848366
848367
848368
848369
848370
848371
848372
848373
848374
848375
848376
848377
848378
848379
848380
848381
848382
848383
848387
848388
848389
848390
848391
848392
848393
848394
848395
848396
848397
848398
848399
848400
848401
848402
848403
848404
848405
848406
848407
848408
848409
848410
848411
848412
848413
848414
848415
848416
848417
848418
848419
848420
848421
848422
848423
848424
848425
848426
848427
848428
848429
848430
848431
848432
848433
848434
848435
848436
848437
848438
848439
848440
848441
848442
848443
848444
848445
848446
848447
848448
848449
848450
848451
848452
848453
848454
848455
848456
848457
848458
848459
848460
848461
848462
848463
848464
848465
848466
848467
848468
848469
848470
848471
848472
848473
848474
848475
848476
848477
848478
848479
848480
848481
848482
848483
848484
848485
848486
848487
848488
848489
848490
848491
848492
848493
848494
848495
848496
848497
848498
848499
848500
848501
848502
848503
848504
848505
848506
848507
848508
848509
848510
848511
848512
848513
848514
848515
848516
848517
848518
848519
848520
848521
848522
848523
848524
848525
848526
848527
848528
848529
848530
848531
848532
848533
848534
848535
848536
848537
848538
848539
848540
848541
848542
848543
848544
848545
848546
848547
848548
848549
848550
848551
848552
848553
848554
848555
848556
848557
848558
848559
848560
848561
848562
848563
848564
848565
848566
848567
848568
848569
848570
848571
848572
848573
848574
848575
848576
848577
848578
848579
848580
848581
848582
848583
848584
848585
848586
848587
848588
848589
848590
848591
848592
848593
848594
848595
848596
848597
848598
848599
848600
848601
848602
848603
848604
848605
848606
873794
873795
873796
873797
873798
873799
873800
873801
873802
873803
873804
873805
873806
873807
873808
873809
873810
873811
873812
873813
873814
873815
873816
873817
873818
873819
873820
873821
873822
873823
873824
873825
873826
873827
873828
873829
873830
873831
873832
873833
873834
873835
873836
873837
873838
873839
873840
873841
873842
873843
873844
873845
873846
873847
873848
873849
873850
873851
873852
873853
873854
873855
873856
873857
873858
873859
873860
873861
873862
873863
873864
873865
873866
873867
873868
873869
873870
873871
873872
873873
873874
873875
873876
873877
873878
873879
873880
873881
873882
873883
873884
873885
873886
873887
873888
873889
873890
873891
873892
873893
873894
873895
873896
873897
873898
873899
873900
873901
873902
873903
873904
873905
873906
873907
873908
873909
873910
873911
873912
873913
873914
873915
873916
873917
873918
873919
873920
873921
873922
873923
873924
873925
873926
873927
873928
873929
873930
873931
873932
873933
873934
873935
873936
873937
873938
873939
873940
873941
873942
873943
873944
873945
873946
873947
873948
873949
873950
873951
873952
873953
873954
873955
873956
873957
873958
873959
873960
873961
873962
873963
873964
873965
873966
873967
873968
873969
873970
873971
873972
873973
873974
873975
873976
873977
873978
873979
873980
873981
873982
873983
873988
873989
873990
873991
873992
873993
873994
873995
873996
873997
873998
873999
874000
874001
874002
874003
874004
874005
874006
874007
874008
874009
874010
874011
874012
874013
874014
874015
874016
874017
874018
874019
874020
874021
874022
874023
874024
874025
874026
874027
874028
874029
874030
874031
874032
874033
874034
874035
874036
874037
874038
874039
874040
874041
874042
874043
874044
874045
874046
874047
874048
874049
874050
874051
874052
874053
874054
874055
874056
874057
874058
874059
874060
874061
874062
874063
874064
874065
874066
874067
874068
874069
874070
874071
874072
874073
874074
874075
874076
874077
874078
874079
874080
874081
874082
874083
874084
874085
874086
874087
874088
874089
874090
874091
874092
874093
874094
874095
874096
874097
874098
874099
874100
874101
874102
874103
874104
874105
874106
874107
874108
874109
874110
874111
874112
874113
874114
874115
874116
874117
874118
874119
874120
874121
874122
874123
874124
874125
874126
874127
874128
874129
874130
874131
874132
874133
874134
874135
874136
874137
874138
874139
874140
874141
874142
874143
874144
874145
874146
874147
874148
874149
874150
874151
874152
874153
874154
874155
874156
874157
874158
874159
874160
874161
874162
874163
874164
874165
874166
874167
874168
874169
874170
874171
874172
874173
874174
874175
874176
874177
874178
874179
874180
874181
874182
874183
874184
874185
874186
874187
874188
874189
874190
874191
874192
874193
874194
874195
874196
874197
874198
874199
874200
874201
874202
874203
874204
874205
874206
874207
874208
874209
874210
874211
874212
874213
874214
874215
874216
874217
874218
874219
874220
874221
874222
874223
874224
874225
874226
874227
874228
874229
874230
874231
874232
874233
874234
874235
874236
874237
874238
874239
874244
874245
874246
874247
874248
874249
874250
874251
874252
874253
874254
874255
874256
874257
874258
874259
874260
874261
874262
874263
874264
874265
874266
874267
874268
874269
874270
874271
874272
874273
874274
874275
874276
874277
874278
874279
874280
874281
874282
874283
874284
874285
874286
874287
874288
874289
874290
874291
874292
874293
874294
874295
874296
874297
874298
874299
874300
874301
874302
874303
874304
874305
874306
874307
874308
874309
874310
874311
874312
874313
874314
874315
874316
874317
874318
874319
874320
874321
874322
874323
874324
874325
874326
874327
874328
874329
874330
874331
874332
874333
874334
874335
874336
874337
874338
874339
874340
874341
874342
874343
874344
874345
874346
874347
874348
874349
874350
874351
874352
874353
874354
874355
874356
874357
874358
874359
874360
874361
874362
874363
874364
874365
874366
874367
874368
874369
874370
874371
874372
874373
874374
874375
874376
874377
874378
874379
874380
874381
874382
874383
874384
874385
874386
874387
874388
874389
874390
874391
874392
874393
874394
874395
874396
874397
874398
874399
874400
874401
874402
874403
874404
874405
874406
874407
874408
874409
874410
874411
874412
874413
874414
874415
874416
874417
874418
874419
874420
874421
874422
874423
874424
874425
874426
874427
874428
874429
874430
874431
874432
874433
874434
874435
874436
874437
874438
874439
874440
874441
874442
874443
874444
874445
874446
874447
874448
874449
874450
874451
874452
874453
874454
874455
874456
874457
874458
874459
874460
874461
874462
874463
874464
874465
874466
874467
874468
874469
874470
874471
874472
874473
874474
874475
874476
874477
874478
874479
874480
874481
874482
874483
874484
874485
874486
874487
874488
874489
874490
874491
874492
874493
874494
874495
874500
874501
874502
874503
874504
874505
874506
874507
874508
874509
874510
874511
874512
874513
874514
874515
874516
874517
874518
874519
874520
874521
874522
874523
874524
874525
874526
874527
874528
874529
874530
874531
874532
874533
874534
874535
874536
874537
874538
874539
874540
874541
874542
874543
874544
874545
874546
874547
874548
874549
874550
874551
874552
874553
874554
874555
874556
874557
874558
874559
874560
874561
874562
874563
874564
874565
874566
874567
874568
874569
874570
874571
874572
874573
874574
874575
874576
874577
874578
874579
874580
874581
874582
874583
874584
874585
874586
874587
874588
874589
874590
874591
874592
874593
874594
874595
874596
874597
874598
874599
874600
874601
874602
874603
874604
874605
874606
874607
874608
874609
874610
874611
874612
874613
874614
874615
874616
874617
874618
874619
874620
874621
874622
874623
874624
874625
874626
874627
874628
874629
874630
874631
874632
874633
874634
874635
874636
874637
874638
874639
874640
874641
874642
874643
874644
874645
874646
874647
874648
874649
874650
874651
874652
874653
874654
874655
874656
874657
874658
874659
874660
874661
874662
874663
874664
874665
874666
874667
874668
874669
874670
874671
874672
874673
874674
874675
874676
874677
874678
874679
874680
874681
874682
874683
874684
874685
874686
874687
874688
874689
874690
874691
874692
874693
874694
874695
874696
874697
874698
874699
874700
874701
874702
874703
874704
874705
874706
874707
874708
874709
874710
874711
874712
874713
874714
874715
874716
874717
874718
874719
874720
874721
874722
874723
874724
874725
874726
874727
874728
874729
874730
874731
874732
874733
874734
874735
874736
874737
874738
874739
874740
874741
874742
874743
874744
874745
874746
874747
874748
874749
874750
874751
874756
874757
874758
874759
874760
874761
874762
874763
874764
874765
874766
874767
874768
874769
874770
874771
874772
874773
874774
874775
874776
874777
874778
874779
874780
874781
874782
874783
874784
874785
874786
874787
874788
874789
874790
874791
874792
874793
874794
874795
874796
874797
874798
874799
874800
874801
874802
874803
874804
874805
874806
874807
874808
874809
874810
874811
874812
874813
874814
874815
874816
874817
874818
874819
874820
874821
874822
874823
874824
874825
874826
874827
874828
874829
874830
874831
874832
874833
874834
874835
874836
874837
874838
874839
874840
874841
874842
874843
874844
874845
874846
874847
874848
874849
874850
874851
874852
874853
874854
874855
874856
874857
874858
874859
874860
874861
874862
874863
874864
874865
874866
874867
874868
874869
874870
874871
874872
874873
874874
874875
874876
874877
874878
874879
874880
874881
874882
874883
874884
874885
874886
874887
874888
874889
874890
874891
874892
874893
874894
874895
874896
874897
874898
874899
874900
874901
874902
874903
874904
874905
874906
874907
874908
874909
874910
874911
874912
874913
874914
874915
874916
874917
874918
874919
874920
874921
874922
874923
874924
874925
874926
874927
874928
874929
874930
874931
874932
874933
874934
874935
874936
874937
874938
874939
874940
874941
874942
874943
874944
874945
874946
874947
874948
874949
874950
874951
874952
874953
874954
874955
874956
874957
874958
874959
874960
874961
874962
874963
874964
874965
874966
874967
874968
874969
874970
874971
874972
874973
874974
874975
874976
874977
874978
874979
874980
874981
874982
874983
874984
874985
874986
874987
874988
874989
874990
874991
874992
874993
874994
874995
874996
874997
874998
874999
875000
875001
875002
875003
875004
875005
875006
875007
875012
875013
875014
875015
875016
875017
875018
875019
875020
875021
875022
875023
875024
875025
875026
875027
875028
875029
875030
875031
875032
875033
875034
875035
875036
875037
875038
875039
875040
875041
875042
875043
875044
875045
875046
875047
875048
875049
875050
875051
875052
875053
875054
875055
875056
875057
875058
875059
875060
875061
875062
875063
875064
875065
875066
875067
875068
875069
875070
875071
875072
875073
875074
875075
875076
875077
875078
875079
875080
875081
875082
875083
875084
875085
875086
875087
875088
875089
875090
875091
875092
875093
875094
875095
875096
875097
875098
875099
875100
875101
875102
875103
875104
875105
875106
875107
875108
875109
875110
875111
875112
875113
875114
875115
875116
875117
875118
875119
875120
875121
875122
875123
875124
875125
875126
875127
875128
875129
875130
875131
875132
875133
875134
875135
875136
875137
875138
875139
875140
875141
875142
875143
875144
875145
875146
875147
875148
875149
875150
875151
875152
875153
875154
875155
875156
875157
875158
875159
875160
875161
875163
875164
875165
875166
875167
875168
875169
875170
875171
875172
875173
875174
875175
875176
875177
875178
875179
875180
875181
875182
875183
875184
875185
875186
875187
875188
875189
875190
875191
875192
875193
875194
875195
875196
875197
875198
875199
875200
875201
875202
875203
875204
875205
875206
875207
875208
875209
875210
875211
875212
875213
875214
875215
875216
875217
875218
875219
875220
875221
875222
875223
875224
875225
875226
875227
875228
875229
875230
875231
875232
875233
875234
875235
875236
875237
875238
875239
875240
875241
875242
875243
875244
875245
875246
875247
875248
875249
875250
875251
875252
875253
875254
875255
875256
875257
875258
875259
875260
875261
875262
875263
875268
875269
875270
875271
875272
875273
875274
875275
875276
875277
875278
875279
875280
875281
875282
875283
875284
875285
875286
875287
875288
875289
875290
875291
875292
875293
875294
875295
875296
875297
875298
875299
875300
875301
875302
875303
875304
875305
875306
875307
875308
875309
875310
875311
875312
875313
875314
875315
875316
875317
875318
875319
875320
875321
875322
875323
875324
875325
875326
875327
875328
875329
875330
875331
875332
875333
875334
875335
875336
875337
875338
875339
875340
875341
875342
875343
875344
875345
875346
875347
875348
875349
875350
875351
875352
875353
875354
875355
875356
875357
875358
875359
875360
875361
875362
875363
875364
875365
875366
875367
875368
875369
875370
875371
875372
875373
875374
875375
875376
875377
875378
875379
875380
875381
875382
875383
875384
875385
875386
875387
875388
875389
875390
875391
875392
875393
875394
875395
875396
875397
875398
875399
875400
875401
875402
875403
875404
875405
875406
875407
875408
875409
875410
875411
875412
875413
875414
875415
875416
875417
875418
875419
875420
875421
875422
875423
875424
875425
875426
875427
875428
875429
875430
875431
875432
875433
875434
875435
875436
875437
875438
875439
875440
875441
875442
875443
875444
875445
875446
875447
875448
875449
875450
875451
875452
875453
875454
875455
875456
875457
875458
875459
875460
875461
875462
875463
875464
875465
875466
875467
875468
875469
875470
875471
875472
875473
875474
875475
875476
875477
875478
875479
875480
875481
875482
875483
875484
875485
875486
875487
875488
875489
875490
875491
875492
875493
875494
875495
875496
875497
875498
875499
875500
875501
875502
875503
875504
875505
875506
875507
875508
875509
875510
875511
875512
875513
875514
875515
875516
875517
875518
875519
875524
875525
875526
875527
875528
875529
875530
875531
875532
875533
875534
875535
875536
875537
875538
875539
875540
875541
875542
875543
875544
875545
875546
875547
875548
875549
875550
875551
875552
875553
875554
875555
875556
875557
875558
875559
875560
875561
875562
875563
875564
875565
875566
875567
875568
875569
875570
875571
875572
875573
875574
875575
875576
875577
875578
875579
875580
875581
875582
875583
875584
875585
875586
875587
875588
875589
875590
875591
875592
875593
875594
875595
875596
875597
875598
875599
875600
875601
875602
875603
875604
875605
875606
875607
875608
875609
875610
875611
875612
875613
875614
875615
875616
875617
875618
875619
875620
875621
875622
875623
875624
875625
875626
875627
875628
875629
875630
875631
875632
875633
875634
875635
875636
875637
875638
875639
875640
875641
875642
875643
875644
875645
875646
875647
875648
875649
875650
875651
875652
875653
875654
875655
875656
875657
875658
875659
875660
875661
875662
875663
875664
875665
875666
875667
875668
875669
875670
875671
875672
875673
875674
875675
875676
875677
875678
875679
875680
875681
875682
875683
875684
875685
875686
875687
875688
875689
875690
875691
875692
875693
875694
875695
875696
875697
875698
875699
875700
875701
875702
875703
875704
875705
875706
875707
875708
875709
875710
875711
875712
875713
875714
875715
875716
875717
875718
875719
875720
875721
875722
875723
875724
875725
875726
875727
875728
875729
875730
875731
875732
875733
875734
875735
875736
875737
875738
875739
875740
875741
875742
875743
875744
875745
875746
875747
875748
875749
875750
875751
875752
875753
875754
875755
875756
875757
875758
875759
875760
875761
875762
875763
875764
875765
875766
875767
875768
875769
875770
875771
875772
875773
875774
875775
875780
875781
875782
875783
875784
875785
875786
875787
875788
875789
875790
875791
875792
875793
875794
875795
875796
875797
875798
875799
875800
875801
875802
875803
875804
875805
875806
875807
875808
875809
875810
875811
875812
875813
875814
875815
875816
875817
875818
875819
875820
875821
875822
875823
875824
875825
875826
875827
875828
875829
875830
875831
875832
875833
875834
875835
875836
875837
875838
875839
875840
875841
875842
875843
875844
875845
875846
875847
875848
875849
875850
875851
875852
875853
875854
875855
875856
875857
875858
875859
875860
875861
875862
875863
875864
875865
875866
875867
875868
875869
875870
875871
875872
875873
875874
875875
875876
875877
875878
875879
875880
875881
875882
875883
875884
875885
875886
875887
875888
875889
875890
875891
875892
875893
875894
875895
875896
875897
875898
875899
875900
875901
875902
875903
875904
875905
875906
875907
875908
875909
875910
875911
875912
875913
875914
875915
875916
875917
875918
875919
875920
875921
875922
875923
875924
875925
875926
875927
875928
875929
875930
875931
875932
875933
875934
875935
875936
875937
875938
875939
875940
875941
875942
875943
875944
875945
875946
875947
875948
875949
875950
875951
875952
875953
875954
875955
875956
875957
875958
875959
875960
875961
875962
875963
875964
875965
875966
875967
875968
875969
875970
875971
875972
875973
875974
875975
875976
875977
875978
875979
875980
875981
875982
875983
875984
875985
875986
875987
875988
875989
875990
875991
875992
875993
875994
875995
875996
875997
875998
875999
876000
876001
876002
876003
876004
876005
876006
876007
876008
876009
876010
876011
876012
876013
876014
876015
876016
876017
876018
876019
876020
876021
876022
876023
876024
876025
876026
876027
876028
876029
876030
876031
876036
876037
876038
876039
876040
876041
876042
876043
876044
876045
876046
876047
876048
876049
876050
876051
876052
876053
876054
876055
876056
876057
876058
876059
876060
876061
876062
876063
876064
876065
876066
876067
876068
876069
876070
876071
876072
876073
876074
876075
876076
876077
876078
876079
876080
876081
876082
876083
876084
876085
876086
876087
876088
876089
876090
876091
876092
876093
876094
876095
876096
876097
876098
876099
876100
876101
876102
876103
876104
876105
876106
876107
876108
876109
876110
876111
876112
876113
876114
876115
876116
876117
876118
876119
876120
876121
876122
876123
876124
876125
876126
876127
876128
876129
876130
876131
876132
876133
876134
876135
876136
876137
876138
876139
876140
876141
876142
876143
876144
876145
876146
876147
876148
876149
876150
876151
876152
876153
876154
876155
876156
876157
876158
876159
876160
876161
876162
876163
876164
876165
876166
876167
876168
876169
876170
876171
876172
876173
876174
876175
876176
876177
876178
876179
876180
876181
876182
876183
876184
876185
876186
876187
876188
876189
876190
876191
876192
876193
876194
876195
876196
876197
876198
876199
876200
876201
876202
876203
876204
876205
876206
876207
876208
876209
876210
876211
876212
876213
876214
876215
876216
876217
876218
876219
876220
876221
876222
876223
876224
876225
876226
876227
876228
876229
876230
876231
876232
876233
876234
876235
876236
876237
876238
876239
876240
876241
876242
876243
876244
876245
876246
876247
876248
876249
876250
876251
876252
876253
876254
876255
876256
876257
876258
876259
876260
876261
876262
876263
876264
876265
876266
876267
876268
876269
876270
876271
876272
876273
876274
876275
876276
876277
876278
876279
876280
876281
876282
876283
876284
876285
876286
876287
876292
876293
876294
876295
876296
876297
876298
876299
876300
876301
876302
876303
876304
876305
876306
876307
876308
876309
876310
876311
876312
876313
876314
876315
876316
876317
876318
876319
876320
876321
876322
876323
876324
876325
876326
876327
876328
876329
876330
876331
876332
876333
876334
876335
876336
876337
876338
876339
876340
876341
876342
876343
876344
876345
876346
876347
876348
876349
876350
876351
876352
876353
876354
876355
876356
876357
876358
876359
876360
876361
876362
876363
876364
876365
876366
876367
876368
876369
876370
876371
876372
876373
876374
876375
876376
876377
876378
876379
876380
876381
876382
876383
876384
876385
876386
876387
876388
876389
876390
876391
876392
876393
876394
876395
876396
876397
876398
876399
876400
876401
876402
876403
876404
876405
876406
876407
876408
876409
876410
876411
876412
876413
876414
876415
876416
876417
876418
876419
876420
876421
876422
876423
876424
876425
876426
876427
876428
876429
876430
876431
876432
876433
876434
876435
876436
876437
876438
876439
876440
876441
876442
876443
876444
876445
876446
876447
876448
876449
876450
876451
876452
876453
876454
876455
876456
876457
876458
876459
876460
876461
876462
876463
876464
876465
876466
876467
876468
876469
876470
876471
876472
876473
876474
876475
876476
876477
876478
876479
876480
876481
876482
876483
876484
876485
876486
876487
876488
876489
876490
876491
876492
876493
876494
876495
876496
876497
876498
876499
876500
876501
876502
876503
876504
876505
876506
876507
876508
876509
876510
876511
876512
876513
876514
876515
876516
876517
876518
876519
876520
876521
876522
876523
876524
876525
876526
876527
876528
876529
876530
876531
876532
876533
876534
876535
876536
876537
876538
876539
876540
876541
876542
876543
876548
876549
876550
876551
876552
876553
876554
876555
876556
876557
876558
876559
876560
876561
876562
876563
876564
876565
876566
876567
876568
876569
876570
876571
876572
876573
876574
876575
876576
876577
876578
876579
876580
876581
876582
876583
876584
876585
876586
876587
876588
876589
876590
876591
876592
876593
876594
876595
876596
876597
876598
876599
876600
876601
