1230342
1231200
1231201
1231202
1231203
1231204
1231205
1231206
1231207
1231208
1231209
1231210
1231211
1231212
1231213
1231214
1231215
1231216
1231217
1231218
1231220
1231221
1231222
1231223
1231224
1231225
1231226
1231227
1231228
1231229
1231230
1231231
1231232
1231233
1231234
1231235
1231236
1231237
1231238
1231239
1231240
1231241
1231242
1231243
1231244
1231245
1231246
1231247
1231248
1231249
1231250
1231251
1231252
1231253
1231254
1231255
1231256
1231257
1231258
1231259
1231260
1231261
1231262
1231263
1231264
1231265
1231266
1231267
1231268
1231269
1231270
1231271
1231272
1231273
1231274
1231275
1231276
1231277
1231278
1231279
1231280
1231281
1231282
1231283
1231284
1231285
1231286
1231287
1231288
1231289
1231290
1231291
1231292
1231293
1231294
1231295
1231296
1231297
1231298
1231299
1231300
1231301
1231302
1231303
1231304
1231305
1231306
1231307
1231308
1231309
1231310
1231311
1231312
1231313
1231314
1231315
1231316
1231317
1231318
1231319
1231320
1231321
1231322
1231323
1231324
1231325
1231326
1231327
1231328
1231329
1231330
1231331
1231332
1231333
1231334
1231335
1231336
1231337
1231338
1231339
1231340
1231341
1231342
1231343
1231344
1231345
1231346
1231347
1231348
1231349
1231350
1231351
1231352
1231353
1231354
1231355
1231356
1231357
1231358
1231359
1231361
1231362
1231363
1231364
1231365
1231366
1231367
1231368
1231369
1231370
1231371
1231372
1231373
1231374
1231375
1231376
1231377
1231378
1231379
1231380
1231381
1231382
1231383
1231384
1231385
1231386
1231387
1231388
1231389
1231390
1231391
1231392
1231393
1231394
1231395
1231396
1231397
1231398
1231399
1231400
1231401
1231402
1231403
1231404
1231405
1231406
1231407
1231408
1231409
1231410
1231411
1231412
1231413
1231414
1231415
1231416
1231417
1231418
1231419
1231420
1231421
1231422
1231423
1231424
1231425
1231426
1231427
1231428
1231429
1231430
1231431
1231432
1231433
1231434
1231435
1231436
1231437
1231438
1231439
1231440
1231441
1231442
1231443
1231444
1231445
1231446
1231447
1231448
1231449
1231450
1231451
1231452
1231453
1231454
1231455
1231456
1231457
1231458
1231459
1231460
1231461
1231462
1231463
1231464
1231465
1231466
1231467
1231468
1231469
1231470
1231471
1231472
1231473
1231474
1231475
1231476
1231477
1231478
1231479
1231480
1231481
1231482
1231483
1231484
1231485
1231486
1231487
1231488
1231489
1231490
1231491
1231492
1231493
1231494
1231495
1231496
1231497
1231498
1231499
1231500
1231501
1231502
1231503
1231504
1231505
1231506
1231507
1231508
1231509
1231510
1231511
1231512
1231513
1231514
1231515
1231516
1231517
1231518
1231519
1231520
1231521
1231522
1231523
1231524
1231525
1231526
1231527
1231528
1231529
1231530
1231531
1231532
1231533
1231534
1231535
1231536
1231537
1231538
1231539
1231540
1231541
1231542
1231543
1231544
1231545
1231546
1231547
1231548
1231549
1231550
1231551
1231552
1231553
1231554
1231555
1231556
1231557
1231558
1231559
1231560
1231561
1231562
1231563
1231564
1231565
1231566
1231567
1231568
1231569
1231570
1231571
1231572
1231573
1231574
1231575
1231576
1231577
1231578
1231579
1231580
1231581
1231582
1231583
1231584
1231585
1231586
1231587
1231588
1231589
1231590
1231591
1231592
1231593
1231594
1231595
1231596
1231597
1231598
1231599
1231600
1231601
1231602
1231603
1231604
1231605
1231606
1231607
1231608
1231609
1231610
1231611
1231612
1231613
1231614
1231615
1231616
1231617
1231618
1231619
1231620
1231621
1231622
1231623
1231624
1231625
1231626
1231627
1231628
1231629
1231630
1231631
1231632
1231633
1231634
1231635
1231636
1231637
1231638
1231639
1231640
1231641
1231642
1231643
1231644
1231645
1231646
1231647
1231648
1231649
1231650
1231651
1231652
1231653
1231654
1231655
1231656
1231657
1231658
1231659
1231660
1231661
1231662
1231663
1231664
1231665
1231666
1231667
1231668
1231669
1231670
1231671
1231672
1231673
1231674
1231675
1231676
1231677
1231678
1231679
1231680
1231681
1231682
1231683
1231684
1231685
1231686
1231687
1231688
1231689
1231690
1231691
1231692
1231693
1231694
1231695
1231696
1231697
1231698
1231699
1231700
1231701
1231702
1231703
1231704
1231705
1231706
1231707
1231708
1231709
1231710
1231711
1231712
1231713
1231714
1231715
1231716
1231717
1231718
1231719
1231720
1231721
1231722
1231723
1231724
1231725
1231726
1231727
1231728
1231729
1231730
1231731
1231732
1231733
1231734
1231735
1231736
1231737
1231738
1231739
1231740
1231741
1231742
1231743
1231744
1231745
1231746
1231747
1231748
1231749
1231750
1231751
1231752
1231753
1231754
1231755
1231756
1231757
1231758
1231759
1231760
1231761
1231762
1231763
1231764
1231765
1231766
1231767
1231768
1231769
1231770
1231771
1231772
1231773
1231774
1231775
1231776
1231777
1231778
1231779
1231780
1231781
1231782
1231783
1231784
1231785
1231786
1231787
1231788
1231789
1231790
1231791
1231792
1231793
1231794
1231795
1231796
1231797
1231798
1231799
1231800
1231801
1231802
1231803
1231804
1231805
1231806
1231807
1231808
1231809
1231810
1231811
1231812
1231813
1231814
1231815
1231816
1231817
1231818
1231819
1231820
1231821
1231822
1231823
1231824
1231825
1231826
1231827
1231828
1231829
1231830
1231831
1231832
1231833
1231834
1231835
1231836
1231837
1231838
1231839
1231840
1231841
1231842
1231843
1231844
1231845
1231846
1231847
1231848
1231849
1231850
1231851
1231852
1231853
1231854
1231855
1231856
1231857
1231858
1231859
1231860
1231861
1231862
1231863
1231864
1231865
1231866
1231867
1231868
1231869
1231870
1231871
1231874
1231875
1231876
1231877
1231878
1231879
1231880
1231881
1231882
1231883
1231884
1231885
1231886
1231887
1231888
1231889
1231890
1231891
1231892
1231893
1231894
1231895
1231896
1231897
1231898
1231899
1231900
1231901
1231902
1231903
1231904
1231905
1231906
1231907
1231908
1231909
1231910
1231911
1231912
1231913
1231914
1231915
1231916
1231917
1231918
1231919
1231920
1231921
1231922
1231923
1231924
1231925
1231926
1231927
1231928
1231929
1231930
1231931
1231932
1231933
1231934
1231935
1231936
1231937
1231938
1231939
1231940
1231941
1231942
1231943
1231944
1231945
1231946
1231947
1231948
1231949
1231950
1231951
1231952
1231953
1231954
1231955
1231956
1231957
1231958
1231959
1231960
1231961
1231962
1231963
1231964
1231965
1231966
1231967
1231968
1231969
1231970
1231971
1231972
1231973
1231974
1231975
1231976
1231977
1231978
1231979
1231980
1231981
1231982
1231983
1231984
1231985
1231986
1231987
1231988
1231989
1231990
1231991
1231992
1231993
1231994
1231995
1231996
1231997
1231998
1231999
1232000
1232001
1232002
1232003
1232004
1232005
1232006
1232007
1232008
1232009
1232010
1232011
1232012
1232013
1232014
1232015
1232016
1232017
1232018
1232019
1232020
1232021
1232022
1232023
1232024
1232025
1232026
1232027
1232028
1232029
1232030
1232031
1232032
1232033
1232034
1232035
1232036
1232037
1232038
1232039
1232040
1232041
1232042
1232043
1232044
1232045
1232046
1232047
1232048
1232049
1232050
1232051
1232052
1232053
1232054
1232055
1232056
1232057
1232058
1232059
1232060
1232061
1232062
1232063
1232064
1232065
1232066
1232067
1232068
1232069
1232070
1232071
1232072
1232073
1232074
1232075
1232076
1232077
1232078
1232079
1232080
1232081
1232082
1232083
1232084
1232085
1232086
1232087
1232088
1232089
1232090
1232091
1232092
1232093
1232094
1232095
1232096
1232097
1232098
1232099
1232100
1232101
1232102
1232103
1232104
1232105
1232106
1232107
1232108
1232109
1232110
1232111
1232112
1232113
1232114
1232115
1232116
1232117
1232118
1232119
1232120
1232121
1232122
1232123
1232124
1232125
1232126
1232127
1232129
1232130
1232131
1232132
1232133
1232134
1232135
1232136
1232137
1232138
1232139
1232140
1232141
1232142
1232143
1232144
1232145
1232146
1232147
1232148
1232149
1232150
1232151
1232152
1232153
1232154
1232155
1232156
1232157
1232158
1232159
1232160
1232161
1232162
1232163
1232164
1232165
1232166
1232167
1232168
1232169
1232170
1232171
1232172
1232173
1232174
1232175
1232176
1232177
1232178
1232179
1232180
1232181
1232182
1232183
1232184
1232185
1232186
1232187
1232188
1232189
1232190
1232191
1232192
1232193
1232194
1232195
1232196
1232197
1232198
1232199
1232200
1232201
1232202
1232203
1232204
1232205
1232206
1232207
1232208
1232209
1232210
1232211
1232212
1232213
1232214
1232215
1232216
1232217
1232218
1232219
1232220
1232221
1232222
1232223
1232224
1232225
1232226
1232227
1232228
1232229
1232230
1232231
1232232
1232233
1232234
1232235
1232236
1232237
1232238
1232239
1232240
1232241
1232242
1232243
1232244
1232245
1232246
1232247
1232248
1232249
1232250
1232251
1232252
1232253
1232254
1232255
1232256
1232257
1232258
1232259
1232260
1232261
1232262
1232263
1232264
1232265
1232266
1232267
1232268
1232269
1232270
1232271
1232272
1232273
1232274
1232275
1232276
1232277
1232278
1232279
1232280
1232281
1232282
1232283
1232284
1232285
1232286
1232287
1232288
1232289
1232290
1232291
1232292
1232293
1232294
1232295
1232296
1232297
1232298
1232299
1232300
1232301
1232302
1232303
1232304
1232305
1232306
1232307
1232308
1232309
1232310
1232311
1232312
1232313
1232314
1232315
1232316
1232317
1232318
1232319
1232320
1232321
1232322
1232323
1232324
1232325
1232326
1232327
1232328
1232329
1232330
1232331
1232332
1232333
1232334
1232335
1232336
1232337
1232338
1232339
1232340
1232341
1232342
1232343
1232344
1232345
1232346
1232347
1232348
1232349
1232350
1232351
1232352
1232353
1232354
1232355
1232356
1232357
1232358
1232359
1232360
1232361
1232362
1232363
1232364
1232365
1232366
1232367
1232368
1232369
1232370
1232371
1232372
1232373
1232374
1232375
1232376
1232377
1232378
1232379
1232380
1232381
1232382
1232383
1232384
1232385
1232386
1232387
1232388
1232389
1232390
1232391
1232392
1232393
1232394
1232395
1232396
1232397
1232398
1232399
1232400
1232401
1232402
1232403
1232404
1232405
1232406
1232407
1232408
1232409
1232410
1232411
1232412
1232413
1232414
1232415
1232416
1232417
1232418
1232419
1232420
1232421
1232422
1232423
1232424
1232425
1232426
1232427
1232428
1232429
1232430
1232431
1232432
1232433
1232434
1232435
1232436
1232437
1232438
1232439
1232440
1232441
1232442
1232443
1232444
1232445
1232446
1232447
1232448
1232449
1232450
1232451
1232452
1232453
1232454
1232455
1232456
1232457
1232458
1232459
1232460
1232461
1232462
1232463
1232464
1232465
1232466
1232467
1232468
1232469
1232470
1232471
1232472
1232473
1232474
1232475
1232476
1232477
1232478
1232479
1232480
1232481
1232482
1232483
1232484
1232485
1232486
1232487
1232488
1232489
1232490
1232491
1232492
1232493
1232494
1232495
1232496
1232497
1232498
1232499
1232500
1232501
1232502
1232503
1232504
1232505
1232506
1232507
1232508
1232509
1232510
1232511
1232512
1232513
1232514
1232515
1232516
1232517
1232518
1232519
1232520
1232521
1232522
1232523
1232524
1232525
1232526
1232527
1232528
1232529
1232530
1232531
1232532
1232533
1232534
1232535
1232536
1232537
1232538
1232539
1232540
1232541
1232542
1232543
1232544
1232545
1232546
1232547
1232548
1232549
1232550
1232551
1232552
1232553
1232554
1232555
1232556
1232557
1232558
1232559
1232560
1232561
1232562
1232563
1232564
1232565
1232566
1232567
1232568
1232569
1232570
1232571
1232572
1232573
1232574
1232575
1232576
1232577
1232578
1232579
1232580
1232581
1232582
1232583
1232584
1232585
1232586
1232587
1232588
1232589
1232590
1232591
1232592
1232593
1232594
1232595
1232596
1232597
1232598
1232599
1232600
1232601
1232602
1232603
1232604
1232605
1232606
1232607
1232608
1232609
1232610
1232611
1232612
1232613
1232614
1232615
1232616
1232617
1232618
1232619
1232620
1232621
1232622
1232623
1232624
1232625
1232626
1232627
1232628
1232629
1232630
1232631
1232632
1232633
1232634
1232635
1232636
1232637
1232638
1232639
1232640
1232641
1232642
1232643
1232644
1232645
1232646
1232647
1232648
1232649
1232650
1232651
1232652
1232653
1232654
1232655
1232656
1232657
1232658
1232659
1232660
1232661
1232662
1232663
1232664
1232665
1232666
1232667
1232668
1232669
1232670
1232671
1232672
1232673
1232674
1232675
1232676
1232677
1232678
1232679
1232680
1232681
1232682
1232683
1232684
1232685
1232686
1232687
1232688
1232689
1232690
1232691
1232692
1232693
1232694
1232695
1232696
1232697
1232698
1232699
1232700
1232701
1232702
1232703
1232704
1232705
1232706
1232707
1232708
1232709
1232710
1232711
1232712
1232713
1232714
1232715
1232716
1232717
1232718
1232719
1232720
1232721
1232722
1232723
1232724
1232725
1232726
1232727
1232728
1232729
1232730
1232731
1232732
1232733
1232734
1232735
1232736
1232737
1232738
1232739
1232740
1232741
1232742
1232743
1232744
1232745
1232746
1232747
1232748
1232749
1232750
1232751
1232752
1232753
1232754
1232755
1232756
1232757
1232758
1232759
1232760
1232761
1232762
1232763
1232764
1232765
1232766
1232767
1232768
1232769
1232770
1232771
1232772
1232773
1232774
1232775
1232776
1232777
1232778
1232779
1232780
1232781
1232782
1232783
1232784
1232785
1232786
1232787
1232788
1232789
1232790
1232791
1232792
1232793
1232794
1232795
1232796
1232797
1232798
1232799
1232800
1232801
1232802
1232803
1232804
1232805
1232806
1232807
1232808
1232809
1232810
1232811
1232812
1232813
1232814
1232815
1232816
1232817
1232818
1232819
1232820
1232821
1232822
1232823
1232824
1232825
1232826
1232827
1232828
1232829
1232830
1232831
1232832
1232833
1232834
1232835
1232836
1232837
1232838
1232839
1232840
1232841
1232842
1232843
1232844
1232845
1232846
1232847
1232848
1232849
1232850
1232851
1232852
1232853
1232854
1232855
1232856
1232857
1232858
1232859
1232860
1232861
1232862
1232863
1232864
1232865
1232866
1232867
1232868
1232869
1232870
1232871
1232872
1232873
1232874
1232875
1232876
1232877
1232878
1232879
1232880
1232881
1232882
1232883
1232884
1232885
1232886
1232887
1232888
1232889
1232890
1232891
1232892
1232893
1232894
1232895
1232896
1232897
1232898
1232899
1232900
1232901
1232902
1232903
1232904
1232905
1232906
1232907
1232908
1232909
1232910
1232911
1232912
1232913
1232914
1232915
1232916
1232917
1232918
1232919
1232920
1232921
1232922
1232923
1232924
1232925
1232926
1232927
1232928
1232929
1232930
1232931
1232932
1232933
1232934
1232935
1232936
1232937
1232938
1232939
1232940
1232941
1232942
1232943
1232944
1232945
1232946
1232947
1232948
1232949
1232950
1232951
1232952
1232953
1232954
1232955
1232956
1232957
1232958
1232959
1232960
1232961
1232962
1232963
1232964
1232965
1232966
1232967
1232968
1232969
1232970
1232971
1232972
1232973
1232974
1232975
1232976
1232977
1232978
1232979
1232980
1232981
1232982
1232983
1232984
1232985
1232986
1232987
1232988
1232989
1232990
1232991
1232992
1232993
1232994
1232995
1232996
1232997
1232998
1232999
1233000
1233001
1233002
1233003
1233004
1233005
1233006
1233007
1233008
1233009
1233010
1233011
1233012
1233013
1233014
1233015
1233016
1233017
1233018
1233019
1233020
1233021
1233022
1233023
1233024
1233025
1233026
1233027
1233028
1233029
1233030
1233031
1233032
1233033
1233034
1233035
1233036
1233037
1233038
1233039
1233040
1233041
1233042
1233043
1233044
1233045
1233046
1233047
1233048
1233049
1233050
1233051
1233052
1233053
1233054
1233055
1233056
1233057
1233058
1233059
1233060
1233061
1233062
1233063
1233064
1233065
1233066
1233067
1233068
1233069
1233070
1233071
1233072
1233073
1233074
1233075
1233076
1233077
1233078
1233079
1233080
1233081
1233082
1233083
1233084
1233085
1233086
1233087
1233088
1233089
1233090
1233091
1233092
1233093
1233094
1233095
1233096
1233097
1233098
1233099
1233100
1233101
1233102
1233103
1233104
1233105
1233106
1233107
1233108
1233109
1233110
1233111
1233112
1233113
1233114
1233115
1233116
1233117
1233118
1233119
1233120
1233121
1233122
1233123
1233124
1233125
1233126
1233127
1233128
1233129
1233130
1233131
1233132
1233133
1233134
1233135
1233136
1233137
1233138
1233139
1233140
1233141
1233142
1233143
1233144
1233145
1233146
1233147
1233148
1233149
1233150
1233151
1233152
1233153
1233154
1233155
1233156
1233157
1233158
1233159
1233160
1233161
1233162
1233163
1233164
1233165
1233166
1233167
1233168
1233169
1233170
1233171
1233172
1233173
1233174
1233175
1233176
1233177
1233178
1233179
1233180
1233181
1233182
1233183
1233184
1233185
1233186
1233187
1233188
1233189
1233190
1233191
1233192
1233193
1233194
1233195
1233196
1233197
1233198
1233199
1233200
1233201
1233202
1233203
1233204
1233205
1233206
1233207
1233208
1233209
1233210
1233211
1233212
1233213
1233214
1233215
1233216
1233217
1233218
1233219
1233220
1233221
1233222
1233223
1233224
1233225
1233226
1233227
1233228
1233229
1233230
1233231
1233232
1233233
1233234
1233235
1233236
1233237
1233238
1233239
1233240
1233241
1233242
1233243
1233244
1233245
1233246
1233247
1233248
1233249
1233250
1233251
1233252
1233253
1233254
1233255
1233256
1233257
1233258
1233259
1233260
1233261
1233262
1233263
1233264
1233265
1233266
1233267
1233268
1233269
1233270
1233271
1233272
1233273
1233274
1233275
1233276
1233277
1233278
1233279
1233280
1233281
1233282
1233283
1233284
1233285
1233286
1233287
1233288
1233289
1233290
1233291
1233292
1233293
1233294
1233295
1233296
1233297
1233298
1233299
1233300
1233301
1233302
1233303
1233304
1233305
1233306
1233307
1233308
1233309
1233310
1233311
1233312
1233313
1233314
1233315
1233316
1233317
1233318
1233319
1233320
1233321
1233322
1233323
1233324
1233325
1233326
1233327
1233328
1233329
1233330
1233331
1233332
1233333
1233334
1233335
1233336
1233337
1233338
1233339
1233340
1233341
1233342
1233343
1233344
1233345
1233346
1233347
1233348
1233349
1233350
1233351
1233352
1233353
1233354
1233355
1233356
1233357
1233358
1233359
1233360
1233361
1233362
1233363
1233364
1233365
1233366
1233367
1233368
1233369
1233370
1233371
1233372
1233373
1233374
1233375
1233376
1233377
1233378
1233379
1233380
1233381
1233382
1233383
1233384
1233385
1233386
1233387
1233388
1233389
1233390
1233391
1233392
1233393
1233394
1233395
1233396
1233397
1233398
1233399
1233400
1233401
1233402
1233403
1233404
1233405
1233406
1233407
1233408
1233409
1233410
1233411
1233412
1233413
1233414
1233415
1233416
1233417
1233418
1233419
1233420
1233421
1233422
1233423
1233424
1233425
1233426
1233427
1233428
1233429
1233430
1233431
1233432
1233433
1233434
1233435
1233436
1233437
1233438
1233439
1233440
1233441
1233442
1233443
1233444
1233445
1233446
1233447
1233448
1233449
1233450
1233451
1233452
1233453
1233454
1233455
1233456
1233457
1233458
1233459
1233460
1233461
1233462
1233463
1233464
1233465
1233466
1233467
1233468
1233469
1233470
1233471
1233472
1233473
1233474
1233475
1233476
1233477
1233478
1233479
1233480
1233481
1233482
1233483
1233484
1233485
1233486
1233487
1233488
1233489
1233490
1233491
1233492
1233493
1233494
1233495
1233496
1233497
1233498
1233499
1233500
1233501
1233502
1233503
1233504
1233505
1233506
1233507
1233508
1233509
1233510
1233511
1233512
1233513
1233514
1233515
1233516
1233517
1233518
1233519
1233520
1233521
1233522
1233523
1233524
1233525
1233526
1233527
1233528
1233529
1233530
1233531
1233532
1233533
1233534
1233535
1233536
1233537
1233538
1233539
1233540
1233541
1233542
1233543
1233544
1233545
1233546
1233547
1233548
1233549
1233550
1233551
1233552
1233553
1233554
1233555
1233556
1233557
1233558
1233559
1233560
1233561
1233562
1233563
1233564
1233565
1233566
1233567
1233568
1233569
1233570
1233571
1233572
1233573
1233574
1233575
1233576
1233577
1233578
1233579
1233580
1233581
1233582
1233583
1233584
1233585
1233586
1233587
1233588
1233589
1233590
1233591
1233592
1233593
1233594
1233595
1233596
1233597
1233598
1233599
1233600
1233601
1233602
1233603
1233604
1233605
1233606
1233607
1233608
1233609
1233610
1233611
1233612
1233613
1233614
1233615
1233616
1233617
1233618
1233619
1233620
1233621
1233622
1233623
1233624
1233625
1233626
1233627
1233628
1233629
1233630
1233631
1233632
1233633
1233634
1233635
1233636
1233637
1233638
1233639
1233640
1233641
1233642
1233643
1233644
1233645
1233646
1233647
1233648
1233649
1233650
1233651
1233652
1233653
1233654
1233655
1233656
1233657
1233658
1233659
1233660
1233661
1233662
1233663
1233664
1233665
1233666
1233667
1233668
1233669
1233670
1233671
1233672
1233673
1233674
1233675
1233676
1233677
1233678
1233679
1233680
1233681
1233682
1233683
1233684
1233685
1233686
1233687
1233688
1233689
1233690
1233691
1233692
1233693
1233694
1233695
1233696
1233697
1233698
1233699
1233700
1233701
1233702
1233703
1233704
1233705
1233706
1233707
1233708
1233709
1233710
1233711
1233712
1233713
1233714
1233715
1233716
1233717
1233718
1233719
1233720
1233721
1233722
1233723
1233724
1233725
1233726
1233727
1233728
1233729
1233730
1233731
1233732
1233733
1233734
1233735
1233736
1233737
1233738
1233739
1233740
1233741
1233742
1233743
1233744
1233745
1233746
1233747
1233748
1233749
1233750
1233751
1233752
1233753
1233754
1233755
1233756
1233757
1233758
1233759
1233760
1233761
1233762
1233763
1233764
1233765
1233766
1233767
1233768
1233769
1233770
1233771
1233772
1233773
1233774
1233775
1233776
1233777
1233778
1233779
1233780
1233781
1233782
1233783
1233784
1233785
1233786
1233787
1233788
1233789
1233790
1233791
1233792
1233793
1233794
1233795
1233796
1233797
1233798
1233799
1233800
1233801
1233802
1233803
1233804
1233805
1233806
1233807
1233808
1233809
1233810
1233811
1233812
1233813
1233814
1233815
1233816
1233817
1233818
1233819
1233820
1233821
1233822
1233823
1233824
1233825
1233826
1233827
1233828
1233829
1233830
1233831
1233832
1233833
1233834
1233835
1233836
1233837
1233838
1233839
1233840
1233841
1233842
1233843
1233844
1233845
1233846
1233847
1233848
1233849
1233850
1233851
1233852
1233853
1233854
1233855
1233856
1233857
1233858
1233859
1233860
1233861
1233862
1233863
1233864
1233865
1233866
1233867
1233868
1233869
1233870
1233871
1233872
1233873
1233874
1233875
1233876
1233877
1233878
1233879
1233880
1233881
1233882
1233883
1233884
1233885
1233886
1233887
1233888
1233889
1233890
1233891
1233892
1233893
1233894
1233895
1233896
1233897
1233898
1233899
1233900
1233901
1233902
1233903
1233904
1233905
1233906
1233907
1233908
1233909
1233910
1233911
1233912
1233913
1233914
1233915
1233916
1233917
1233918
1233919
1233920
1233921
1233922
1233923
1233924
1233925
1233926
1233927
1233928
1233929
1233930
1233931
1233932
1233933
1233934
1233935
1233936
1233937
1233938
1233939
1233940
1233941
1233942
1233943
1233944
1233945
1233946
1233947
1233948
1233949
1233950
1233951
1233952
1233953
1233954
1233955
1233956
1233957
1233958
1233959
1233960
1233961
1233962
1233963
1233964
1233965
1233966
1233967
1233968
1233969
1233970
1233971
1233972
1233973
1233974
1233975
1233976
1233977
1233978
1233979
1233980
1233981
1233982
1233983
1233984
1233985
1233986
1233987
1233988
1233989
1233990
1233991
1233992
1233993
1233994
1233995
1233996
1233997
1233998
1233999
1234000
1234001
1234002
1234003
1234004
1234005
1234006
1234007
1234008
1234009
1234010
1234011
1234012
1234013
1234014
1234015
1234016
1234017
1234018
1234019
1234020
1234021
1234022
1234023
1234024
1234025
1234026
1234027
1234028
1234029
1234030
1234031
1234032
1234033
1234034
1234035
1234036
1234037
1234038
1234039
1234040
1234041
1234042
1234043
1234044
1234045
1234046
1234047
1234048
1234049
1234050
1234051
1234052
1234053
1234054
1234055
1234056
1234057
1234058
1234059
1234060
1234061
1234062
1234063
1234064
1234065
1234066
1234067
1234068
1234069
1234070
1234071
1234072
1234073
1234074
1234075
1234076
1234077
1234078
1234079
1234080
1234081
1234082
1234083
1234084
1234085
1234086
1234087
1234088
1234089
1234090
1234091
1234092
1234093
1234094
1234095
1234096
1234097
1234098
1234099
1234100
1234101
1234102
1234103
1234104
1234105
1234106
1234107
1234108
1234109
1234110
1234111
1234112
1234113
1234114
1234115
1234116
1234117
1234118
1234119
1234120
1234121
1234122
1234123
1234124
1234125
1234126
1234127
1234128
1234129
1234130
1234131
1234132
1234133
1234134
1234135
1234136
1234137
1234138
1234139
1234140
1234141
1234142
1234143
1234144
1234145
1234146
1234147
1234148
1234149
1234150
1234151
1234152
1234153
1234154
1234155
1234156
1234157
1234158
1234159
1234160
1234161
1234162
1234163
1234164
1234165
1234166
1234167
1234168
1234169
1234170
1234171
1234172
1234173
1234174
1234175
1234176
1234177
1234178
1234179
1234180
1234181
1234182
1234183
1234184
1234185
1234186
1234187
1234188
1234189
1234190
1234191
1234192
1234193
1234194
1234195
1234196
1234197
1234198
1234199
1234200
1234201
1234202
1234203
1234204
1234205
1234206
1234207
1234208
1234209
1234210
1234211
1234212
1234213
1234214
1234215
1234216
1234217
1234218
1234219
1234220
1234221
1234222
1234223
1234224
1234225
1234226
1234227
1234228
1234229
1234230
1234231
1234232
1234233
1234234
1234235
1234236
1234237
1234238
1234239
1234240
1234241
1234242
1234243
1234244
1234245
1234246
1234247
1234248
1234249
1234250
1234251
1234252
1234253
1234254
1234255
1234256
1234257
1234258
1234259
1234260
1234261
1234262
1234263
1234264
1234265
1234266
1234267
1234268
1234269
1234270
1234271
1234272
1234273
1234274
1234275
1234276
1234277
1234278
1234279
1234280
1234281
1234282
1234283
1234284
1234285
1234286
1234287
1234288
1234289
1234290
1234291
1234292
1234293
1234294
1234295
1234296
1234297
1234298
1234299
1234300
1234301
1234302
1234303
1234304
1234305
1234306
1234307
1234308
1234309
1234310
1234311
1234312
1234313
1234314
1234315
1234316
1234317
1234318
1234319
1234320
1234321
1234322
1234323
1234324
1234325
1234326
1234327
1234328
1234329
1234330
1234331
1234332
1234333
1234334
1234335
1234336
1234337
1234338
1234339
1234340
1234341
1234342
1234343
1234344
1234345
1234346
1234347
1234348
1234349
1234350
1234351
1234352
1234353
1234354
1234355
1234356
1234357
1234358
1234359
1234360
1234361
1234362
1234363
1234364
1234365
1234366
1234367
1234368
1234369
1234370
1234371
1234372
1234373
1234374
1234375
1234376
1234377
1234378
1234379
1234380
1234381
1234382
1234383
1234384
1234385
1234386
1234387
1234388
1234389
1234390
1234391
1234392
1234393
1234394
1234395
1234396
1234397
1234398
1234399
1234400
1234401
1234402
1234403
1234404
1234405
1234406
1234407
1234408
1234409
1234410
1234411
1234412
1234413
1234414
1234415
1234416
1234417
1234418
1234419
1234420
1234421
1234422
1234423
1234424
1234425
1234426
1234427
1234428
1234429
1234430
1234431
1234432
1234433
1234434
1234435
1234436
1234437
1234438
1234439
1234440
1234441
1234442
1234443
1234444
1234445
1234446
1234447
1234448
1234449
1234450
1234451
1234452
1234453
1234454
1234455
1234456
1234457
1234458
1234459
1234460
1234461
1234462
1234463
1234464
1234465
1234466
1234467
1234468
1234469
1234470
1234471
1234472
1234473
1234474
1234475
1234476
1234477
1234478
1234479
1234480
1234481
1234482
1234483
1234484
1234485
1234486
1234487
1234488
1234489
1234490
1234491
1234492
1234493
1234494
1234495
1234496
1234497
1234498
1234499
1234500
1234501
1234502
1234503
1234504
1234505
1234506
1234507
1234508
1234509
1234510
1234511
1234512
1234513
1234514
1234515
1234516
1234517
1234518
1234519
1234520
1234521
1234522
1234523
1234524
1234525
1234526
1234527
1234528
1234529
1234530
1234531
1234532
1234533
1234534
1234535
1234536
1234537
1234538
1234539
1234540
1234541
1234542
1234543
1234544
1234545
1234546
1234547
1234548
1234549
1234550
1234551
1234552
1234553
1234554
1234555
1234556
1234557
1234558
1234559
1234560
1234561
1234562
1234563
1234564
1234565
1234566
1234567
1234568
1234569
1234570
1234571
1234572
1234573
1234574
1234575
1234576
1234577
1234578
1234579
1234580
1234581
1234582
1234583
1234584
1234585
1234586
1234587
1234588
1234589
1234590
1234591
1234592
1234593
1234594
1234595
1234596
1234597
1234598
1234599
1234600
1234601
1234602
1234603
1234604
1234605
1234606
1234607
1234608
1234609
1234610
1234611
1234612
1234613
1234614
1234615
1234616
1234617
1234618
1234619
1234620
1234621
1234622
1234623
1234624
1234625
1234626
1234627
1234628
1234629
1234630
1234631
1234632
1234633
1234634
1234635
1234636
1234637
1234638
1234639
1234640
1234641
1234642
1234643
1234644
1234645
1234646
1234647
1234648
1234649
1234650
1234651
1234652
1234653
1234654
1234655
1234656
1234657
1234658
1234659
1234660
1234661
1234662
1234663
1234664
1234665
1234666
1234667
1234668
1234669
1234670
1234671
1234672
1234673
1234674
1234675
1234676
1234677
1234678
1234679
1234680
1234681
1234682
1234683
1234684
1234685
1234686
1234687
1234688
1234689
1234690
1234691
1234692
1234693
1234694
1234695
1234696
1234697
1234698
1234699
1234700
1234701
1234702
1234703
1234704
1234705
1234706
1234707
1234708
1234709
1234710
1234711
1234712
1234713
1234714
1234715
1234716
1234717
1234718
1234719
1234720
1234721
1234722
1234723
1234724
1234725
1234726
1234727
1234728
1234729
1234730
1234731
1234732
1234733
1234734
1234735
1234736
1234737
1234738
1234739
1234740
1234741
1234742
1234743
1234744
1234745
1234746
1234747
1234748
1234749
1234750
1234751
1234752
1234753
1234754
1234755
1234756
1234757
1234758
1234759
1234760
1234761
1234762
1234763
1234764
1234765
1234766
1234767
1234768
1234769
1234770
1234771
1234772
1234773
1234774
1234775
1234776
1234777
1234778
1234779
1234780
1234781
1234782
1234783
1234784
1234785
1234786
1234787
1234788
1234789
1234790
1234791
1234792
1234793
1234794
1234795
1234796
1234797
1234798
1234799
1234800
1234801
1234802
1234803
1234804
1234805
1234806
1234807
1234808
1234809
1234810
1234811
1234812
1234813
1234814
1234815
1234816
1234817
1234818
1234819
1234820
1234821
1234822
1234823
1234824
1234825
1234826
1234827
1234828
1234829
1234830
1234831
1234832
1234833
1234834
1234835
1234836
1234837
1234838
1234839
1234840
1234841
1234842
1234843
1234844
1234845
1234846
1234847
1234848
1234849
1234850
1234851
1234852
1234853
1234854
1234855
1234856
1234857
1234858
1234859
1234860
1234861
1234862
1234863
1234864
1234865
1234866
1234867
1234868
1234869
1234870
1234871
1234872
1234873
1234874
1234875
1234876
1234877
1234878
1234879
1234880
1234881
1234882
1234883
1234884
1234885
1234886
1234887
1234888
1234889
1234890
1234891
1234892
1234893
1234894
1234895
1234896
1234897
1234898
1234899
1234900
1234901
1234902
1234903
1234904
1234905
1234906
1234907
1234908
1234909
1234910
1234911
1234912
1234913
1234914
1234915
1234916
1234917
1234918
1234919
1234920
1234921
1234922
1234923
1234924
1234925
1234926
1234927
1234928
1234929
1234930
1234931
1234932
1234933
1234934
1234935
1234936
1234937
1234938
1234939
1234940
1234941
1234942
1234943
1234944
1234945
1234946
1234947
1234948
1234949
1234950
1234951
1234952
1234953
1234954
1234955
1234956
1234957
1234958
1234959
1234960
1234961
1234962
1234963
1234964
1234965
1234966
1234967
1234968
1234969
1234970
1234971
1234972
1234973
1234974
1234975
1234976
1234977
1234978
1234979
1234980
1234981
1234982
1234983
1234984
1234985
1234986
1234987
1234988
1234989
1234990
1234991
1234992
1234993
1234994
1234995
1234996
1234997
1234998
1234999
1235000
1235001
1235002
1235003
1235004
1235005
1235006
1235007
1235008
1235009
1235010
1235011
1235012
1235013
1235014
1235015
1235016
1235017
1235018
1235019
1235020
1235021
1235022
1235023
1235024
1235025
1235026
1235027
1235028
1235029
1235030
1235031
1235032
1235033
1235034
1235035
1235036
1235037
1235038
1235039
1235040
1235041
1235042
1235043
1235044
1235045
1235046
1235047
1235048
1235049
1235050
1235051
1235052
1235053
1235054
1235055
1235056
1235057
1235058
1235059
1235060
1235061
1235062
1235063
1235064
1235065
1235066
1235067
1235068
1235069
1235070
1235071
1235072
1235073
1235074
1235075
1235077
1235078
1235079
1235080
1235081
1235082
1235083
1235084
1235085
1235086
1235087
1274081
1292969
1333698
1333699
1333751
1333752
1333753
1333754
1333755
1333756
1333757
1333758
1333759
1333760
1333763
1333764
1333765
1333766
1333767
1333768
1333769
1333770
1333771
1333772
1333773
1333774
1333775
1333776
1333777
1333778
1333779
1333780
1333781
1333782
1333783
1333784
1333785
1333786
1333787
1333788
1333789
1333790
1333791
1333792
1333793
1333794
1333795
1333796
1333797
1333798
1333799
1333800
1333801
1333802
1333803
1333804
1333805
1333806
1333807
1333808
1333809
1333810
1333811
1333812
1333813
1333814
1333815
1333816
1333817
1333818
1333819
1333820
1333821
1333822
1333823
1333824
1333825
1333826
1333827
1333828
1333829
1333830
1333831
1333832
1333833
1333834
1333835
1333836
1333837
1333838
1333839
1333840
1333841
1333842
1333843
1333844
1333845
1333846
1333847
1333848
1333849
1333850
1333851
1333852
1333853
1333854
1333855
1333856
1333857
1333858
1333859
1333860
1333861
1333862
1333863
1333864
1333865
1333866
1333867
1333868
1333869
1333870
1333871
1333872
1333873
1333874
1333875
1333876
1333877
1333878
1333879
1333880
1333881
1333882
1333883
1333884
1333885
1333886
1333887
1333888
1333889
1333890
1333891
1333892
1333893
1333894
1333895
1333896
1333897
1333898
1333899
1333900
1333901
1333902
1333903
1333904
1333905
1333906
1333907
1333908
1333909
1333910
1333911
1333912
1333913
1333914
1333915
1333916
1333917
1333918
1333919
1333920
1333921
1333922
1333923
1333924
1333925
1333926
1333927
1333928
1333929
1333930
1333931
1333932
1333933
1333934
1333935
1333936
1333937
1333938
1333939
1333940
1333941
1333942
1333943
1333944
1333945
1333946
1333947
1333948
1333949
1333950
1333951
1333952
1333953
1333954
1333955
1333956
1333957
1333958
1333959
1333960
1333961
1333962
1333963
1333964
1333965
1333966
1333967
1333968
1333969
1333970
1333971
1333972
1333973
1333974
1333975
1333976
1333977
1333978
1333979
1333980
1333981
1333982
1333983
1333984
1333985
1333986
1333987
1333988
1333989
1333990
1333991
1333992
1333993
1333994
1333995
1333996
1333997
1333998
1333999
1334000
1334001
1334002
1334003
1334004
1334005
1334006
1334007
1334008
1334009
1334010
1334011
1334012
1334013
1334014
1334015
1334016
1334017
1334019
1334020
1334021
1334022
1334023
1334024
1334025
1334026
1334027
1334028
1334029
1334030
1334031
1334032
1334033
1334034
1334035
1334036
1334037
1334038
1334039
1334040
1334041
1334042
1334043
1334044
1334045
1334046
1334047
1334048
1334049
1334050
1334051
1334052
1334053
1334054
1334055
1334056
1334057
1334058
1334059
1334060
1334061
1334062
1334063
1334064
1334065
1334066
1334067
1334068
1334069
1334070
1334071
1334072
1334073
1334074
1334075
1334076
1334077
1334078
1334079
1334080
1334081
1334082
1334083
1334084
1334085
1334086
1334087
1334088
1334089
1334090
1334091
1334092
1334093
1334094
1334095
1334096
1334097
1334098
1334099
1334100
1334101
1334102
1334103
1334104
1334105
1334106
1334107
1334108
1334109
1334110
1334111
1334112
1334113
1334114
1334115
1334116
1334117
1334118
1334119
1334120
1334121
1334122
1334123
1334124
1334125
1334126
1334127
1334128
1334129
1334130
1334131
1334132
1334133
1334134
1334135
1334136
1334137
1334138
1334139
1334140
1334141
1334142
1334143
1334144
1334145
1334146
1334147
1334148
1334149
1334150
1334151
1334152
1334153
1334154
1334155
1334156
1334157
1334158
1334159
1334160
1334161
1334162
1334163
1334164
1334165
1334166
1334167
1334168
1334169
1334170
1334171
1334172
1334173
1334174
1334175
1334176
1334177
1334178
1334179
1334180
1334181
1334182
1334183
1334184
1334185
1334186
1334187
1334188
1334189
1334190
1334191
1334192
1334193
1334194
1334195
1334196
1334197
1334198
1334199
1334200
1334201
1334202
1334203
1334204
1334205
1334206
1334207
1334208
1334209
1334210
1334211
1334212
1334213
1334214
1334215
1334216
1334217
1334218
1334219
1334220
1334221
1334222
1334223
1334224
1334225
1334226
1334227
1334228
1334229
1334230
1334231
1334232
1334233
1334234
1334235
1334236
1334237
1334238
1334239
1334240
1334241
1334242
1334243
1334244
1334245
1334246
1334247
1334248
1334249
1334250
1334251
1334252
1334253
1334254
1334255
1334256
1334257
1334258
1334259
1334260
1334261
1334262
1334263
1334264
1334265
1334266
1334267
1334268
1334269
1334270
1334271
1334274
1334275
1334276
1334277
1334278
1334279
1334280
1334281
1334282
1334283
1334284
1334285
1334286
1334287
1334288
1334289
1334290
1334291
1334292
1334293
1334294
1334295
1334296
1334297
1334298
1334299
1334300
1334301
1334302
1334303
1334304
1334305
1334306
1334307
1334308
1334309
1334310
1334311
1334312
1334313
1334314
1334315
1334316
1334317
1334318
1334319
1334320
1334321
1334322
1334323
1334324
1334325
1334326
1334327
1334328
1334329
1334330
1334331
1334332
1334333
1334334
1334335
1334336
1334337
1334338
1334339
1334340
1334341
1334342
1334343
1334344
1334345
1334346
1334347
1334348
1334349
1334350
1334351
1334352
1334353
1334354
1334355
1334356
1334357
1334358
1334359
1334360
1334361
1334362
1334363
1334364
1334365
1334366
1334367
1334368
1334369
1334370
1334371
1334372
1334373
1334374
1334375
1334376
1334377
1334378
1334379
1334380
1334381
1334382
1334383
1334384
1334385
1334386
1334387
1334388
1334389
1334390
1334391
1334392
1334393
1334394
1334395
1334396
1334397
1334398
1334399
1334400
1334401
1334402
1334403
1334404
1334405
1334406
1334407
1334408
1334409
1334410
1334411
1334412
1334413
1334414
1334415
1334416
1334417
1334418
1334419
1334420
1334421
1334422
1334423
1334424
1334425
1334426
1334427
1334428
1334429
1334430
1334431
1334432
1334433
1334434
1334435
1334436
1334437
1334438
1334439
1334440
1334441
1334442
1334443
1334444
1334445
1334446
1334447
1334448
1334449
1334450
1334451
1334452
1334453
1334454
1334455
1334456
1334457
1334458
1334459
1334460
1334461
1334462
1334463
1334464
1334465
1334466
1334467
1334468
1334469
1334470
1334471
1334472
1334473
1334474
1334475
1334476
1334477
1334478
1334479
1334480
1334481
1334482
1334483
1334484
1334485
1334486
1334487
1334488
1334489
1334490
1334491
1334492
1334493
1334494
1334495
1334496
1334497
1334498
1334499
1334500
1334501
1334502
1334503
1334504
1334505
1334506
1334507
1334508
1334509
1334510
1334511
1334512
1334513
1334514
1334515
1334516
1334517
1334518
1334519
1334520
1334521
1334522
1334523
1334524
1334525
1334526
1334527
1334528
1334529
1334530
1334531
1334532
1334533
1334534
1334535
1334536
1334537
1334538
1334539
1334540
1334541
1334542
1334543
1334544
1334545
1334546
1334547
1334548
1334549
1334550
1334551
1334552
1334553
1334554
1334555
1334556
1334557
1334558
1334559
1334560
1334561
1334562
1334563
1334564
1334565
1334566
1334567
1334568
1334569
1334570
1334571
1334572
1334573
1334574
1334575
1334576
1334577
1334578
1334579
1334580
1334581
1334582
1334583
1334584
1334585
1334586
1334587
1334588
1334589
1334590
1334591
1334592
1334593
1334594
1334595
1334596
1334597
1334598
1334599
1334600
1334601
1334602
1334603
1334604
1334605
1334606
1334607
1334608
1334609
1334610
1334611
1334612
1334613
1334614
1334615
1334616
1334617
1334618
1334619
1334620
1334621
1334622
1334623
1334624
1334625
1334626
1334627
1334628
1334629
1334630
1334631
1334632
1334633
1334634
1334635
1334636
1334637
1334638
1334639
1334640
1334641
1334642
1334643
1334644
1334645
1334646
1334647
1334648
1334649
1334650
1334651
1334652
1334653
1334654
1334655
1334656
1334657
1334658
1334659
1334660
1334661
1334662
1334663
1334664
1334665
1334666
1334667
1334668
1334669
1334670
1334671
1334672
1334673
1334674
1334675
1334676
1334677
1334678
1334679
1334680
1334681
1334682
1334683
1334684
1334685
1334686
1334687
1334688
1334689
1334690
1334691
1334692
1334693
1334694
1334695
1334696
1334697
1334698
1334699
1334700
1334701
1334702
1334703
1334704
1334705
1334706
1334707
1334708
1334709
1334710
1334711
1334712
1334713
1334714
1334715
1334716
1334717
1334718
1334719
1334720
1334721
1334722
1334723
1334724
1334725
1334726
1334727
1334728
1334729
1334730
1334731
1334732
1334733
1334734
1334735
1334736
1334737
1334738
1334739
1334740
1334741
1334742
1334743
1334744
1334745
1334746
1334747
1334748
1334749
1334750
1334751
1334752
1334753
1334754
1334755
1334756
1334757
1334758
1334759
1334760
1334761
1334762
1334763
1334764
1334765
1334766
1334767
1334768
1334769
1334770
1334771
1334772
1334773
1334774
1334775
1334776
1334777
1334778
1334779
1334780
1334781
1334782
1334783
1334784
1334785
1334786
1334787
1334788
1334789
1334790
1334791
1334792
1334793
1334794
1334795
1334796
1334797
1334798
1334799
1334800
1334801
1334802
1334803
1334804
1334805
1334806
1334807
1334808
1334809
1334810
1334811
1334812
1334813
1334814
1334815
1334816
1334817
1334818
1334819
1334820
1334821
1334822
1334823
1334824
1334825
1334826
1334827
1334828
1334829
1334830
1334831
1334832
1334833
1334834
1334835
1334836
1334837
1334838
1334839
1334840
1334841
1334842
1334843
1334844
1334845
1334846
1334847
1334848
1334849
1334850
1334851
1334852
1334853
1334854
1334855
1334856
1334857
1334858
1334859
1334860
1334861
1334862
1334863
1334864
1334865
1334866
1334867
1334868
1334869
1334870
1334871
1334872
1334873
1334874
1334875
1334876
1334877
1334878
1334879
1334880
1334881
1334882
1334883
1334884
1334885
1334886
1334887
1334888
1334889
1334890
1334891
1334892
1334893
1334894
1334895
1334896
1334897
1334898
1334899
1334900
1334901
1334902
1334903
1334904
1334905
1334906
1334907
1334908
1334909
1334910
1334911
1334912
1334913
1334914
1334915
1334916
1334917
1334918
1334919
1334920
1334921
1334922
1334923
1334924
1334925
1334926
1334927
1334928
1334929
1334930
1334931
1334932
1334933
1334934
1334935
1334936
1334937
1334938
1334939
1334940
1334941
1334942
1334943
1334944
1334945
1334946
1334947
1334948
1334949
1334950
1334951
1334952
1334953
1334954
1334955
1334956
1334957
1334958
1334959
1334960
1334961
1334962
1334963
1334964
1334965
1334966
1334967
1334968
1334969
1334970
1334971
1334972
1334973
1334974
1334975
1334976
1334977
1334978
1334979
1334980
1334981
1334982
1334983
1334984
1334985
1334986
1334987
1334988
1334989
1334990
1334991
1334992
1334993
1334994
1334995
1334996
1334997
1334998
1334999
1335000
1335001
1335002
1335003
1335004
1335005
1335006
1335007
1335008
1335009
1335010
1335011
1335012
1335013
1335014
1335015
1335016
1335017
1335018
1335019
1335020
1335021
1335022
1335023
1335024
1335025
1335026
1335027
1335028
1335029
1335030
1335031
1335032
1335033
1335034
1335035
1335036
1335037
1335038
1335039
1335040
1335041
1335042
1335043
1335044
1335045
1335046
1335047
1335048
1335049
1335050
1335051
1335052
1335053
1335054
1335055
1335056
1335057
1335058
1335059
1335060
1335061
1335062
1335063
1335064
1335065
1335066
1335067
1335068
1335069
1335070
1335071
1335072
1335073
1335074
1335075
1335076
1335077
1335078
1335079
1335080
1335081
1335082
1335083
1335084
1335085
1335086
1335087
1335088
1335089
1335090
1335091
1335092
1335093
1335094
1335095
1335096
1335097
1335098
1335099
1335100
1335101
1335102
1335103
1335104
1335105
1335106
1335107
1335108
1335109
1335110
1335111
1335112
1335113
1335114
1335115
1335116
1335117
1335118
1335119
1335120
1335121
1335122
1335123
1335124
1335125
1335126
1335127
1335128
1335129
1335130
1335131
1335132
1335133
1335134
1335135
1335136
1335137
1335138
1335139
1335140
1335141
1335142
1335143
1335144
1335145
1335146
1335147
1335148
1335149
1335150
1335151
1335152
1335153
1335154
1335155
1335156
1335157
1335158
1335159
1335160
1335161
1335162
1335163
1335164
1335165
1335166
1335167
1335168
1335169
1335170
1335171
1335172
1335173
1335174
1335175
1335176
1335177
1335178
1335179
1335180
1335181
1335182
1335183
1335184
1335185
1335186
1335187
1335188
1335189
1335190
1335191
1335192
1335193
1335194
1335195
1335196
1335197
1335198
1335199
1335200
1335201
1335202
1335203
1335204
1335205
1335206
1335207
1335208
1335209
1335210
1335211
1335212
1335213
1335214
1335215
1335216
1335217
1335218
1335219
1335220
1335221
1335222
1335223
1335224
1335225
1335226
1335227
1335228
1335229
1335230
1335231
1335232
1335233
1335234
1335235
1335236
1335237
1335238
1335239
1335240
1335241
1335242
1335243
1335244
1335245
1335246
1335247
1335248
1335249
1335250
1335251
1335252
1335253
1335254
1335255
1335256
1335257
1335258
1335259
1335260
1335261
1335262
1335263
1335264
1335265
1335266
1335267
1335268
1335269
1335270
1335271
1335272
1335273
1335274
1335275
1335276
1335277
1335278
1335279
1335280
1335281
1335282
1335283
1335284
1335285
1335286
1335287
1335288
1335289
1335290
1335291
1335292
1335293
1335294
1335295
1335296
1335297
1335298
1335299
1335300
1335301
1335302
1335303
1335304
1335305
1335306
1335307
1335308
1335309
1335310
1335311
1335312
1335313
1335314
1335315
1335316
1335317
1335318
1335319
1335320
1335321
1335322
1335323
1335324
1335325
1335326
1335327
1335328
1335329
1335330
1335331
1335332
1335333
1335334
1335335
1335336
1335337
1335338
1335339
1335340
1335341
1335342
1335343
1335344
1335345
1335346
1335347
1335348
1335349
1335350
1335351
1335352
1335353
1335354
1335355
1335356
1335357
1335358
1335359
1335360
1335361
1335362
1335363
1335364
1335365
1335366
1335367
1335368
1335369
1335370
1335371
1335372
1335373
1335374
1335375
1335376
1335377
1335378
1335379
1335380
1335381
1335382
1335383
1335384
1335385
1335386
1335387
1335388
1335389
1335390
1335391
1335392
1335393
1335394
1335395
1335396
1335397
1335398
1335399
1335400
1335401
1335402
1335403
1335404
1335405
1335406
1335407
1335408
1335409
1335410
1335411
1335412
1335413
1335414
1335415
1335416
1335417
1335418
1335419
1335420
1335421
1335422
1335423
1335424
1335425
1335426
1335427
1335428
1335429
1335430
1335431
1335432
1335433
1335434
1335435
1335436
1335437
1335438
1335439
1335440
1335441
1335442
1335443
1335444
1335445
1335446
1335447
1335448
1335449
1335450
1335451
1335452
1335453
1335454
1335455
1335456
1335457
1335458
1335459
1335460
1335461
1335462
1335463
1335464
1335465
1335466
1335467
1335468
1335469
1335470
1335471
1335472
1335473
1335474
1335475
1335476
1335477
1335478
1335479
1335480
1335481
1335482
1335483
1335484
1335485
1335486
1335487
1335488
1335489
1335490
1335491
1335492
1335493
1335494
1335495
1335496
1335497
1335498
1335499
1335500
1335501
1335502
1335503
1335504
1335505
1335506
1335507
1335508
1335509
1335510
1335511
1335512
1335513
1335514
1335515
1335516
1335517
1335518
1335519
1335520
1335521
1335522
1335523
1335524
1335525
1335526
1335527
1335528
1335529
1335530
1335531
1335532
1335533
1335534
1335535
1335536
1335537
1335538
1335539
1335540
1335541
1335542
1335543
1335544
1335545
1335546
1335547
1335548
1335549
1335550
1335551
1335552
1335553
1335554
1335555
1335556
1335557
1335558
1335559
1335560
1335561
1335562
1335563
1335564
1335565
1335566
1335567
1335568
1335569
1335570
1335571
1335572
1335573
1335574
1335575
1335576
1335577
1335578
1335579
1335580
1335581
1335582
1335583
1335584
1335585
1335586
1335587
1335588
1335589
1335590
1335591
1335592
1335593
1335594
1335595
1335596
1335597
1335598
1335599
1335600
1335601
1335602
1335603
1335604
1335605
1335606
1335607
1335608
1335609
1335610
1335611
1335612
1335613
1335614
1335615
1335616
1335617
1335618
1335619
1335620
1335621
1335622
1335623
1335624
1335625
1335626
1335627
1335628
1335629
1335630
1335631
1335632
1335633
1335634
1335635
1335636
1335637
1335638
1335639
1335640
1335641
1335642
1335643
1335644
1335645
1335646
1335647
1335648
1335649
1335650
1335651
1335652
1335653
1335654
1335655
1335656
1335657
1335658
1335659
1335660
1335661
1335662
1335663
1335664
1335665
1335666
1335667
1335668
1335669
1335670
1335671
1335672
1335673
1335674
1335675
1335676
1335677
1335678
1335679
1335680
1335681
1335682
1335683
1335684
1335685
1335686
1335687
1335688
1335689
1335690
1335691
1335692
1335693
1335694
1335695
1335696
1335697
1335698
1335699
1335700
1335701
1335702
1335703
1335704
1335705
1335706
1335707
1335708
1335709
1335710
1335711
1335712
1335713
1335714
1335715
1335716
1335717
1335718
1335719
1335720
1335721
1335722
1335723
1335724
1335725
1335726
1335727
1335728
1335729
1335730
1335731
1335732
1335733
1335734
1335735
1335736
1335737
1335738
1335739
1335740
1335741
1335742
1335743
1335744
1335745
1335746
1335747
1335748
1335749
1999661
1999662
1999663
1999664
1999665
1999666
1999667
1999668
1999669
1999670
1999671
1999672
1999673
1999674
1999675
1999676
1999677
1999678
1999679
1999680
1999681
1999682
1999683
1999684
1999685
1999686
1999687
1999688
1999689
1999690
1999691
1999692
1999693
1999694
1999695
1999696
1999697
1999698
1999699
1999700
1999701
1999702
1999703
1999704
1999705
1999706
1999707
1999708
1999709
1999710
1999711
1999712
1999713
1999714
1999715
1999716
1999717
1999718
1999719
1999720
1999721
1999722
1999723
1999724
1999725
1999726
1999727
1999728
1999729
1999730
1999731
1999732
1999733
1999734
1999735
1999736
1999737
1999738
1999739
1999740
1999741
1999742
1999743
1999744
1999745
1999746
1999747
1999748
1999749
1999750
1999751
1999752
1999753
1999754
1999755
1999756
1999757
1999758
1999759
1999760
1999761
1999762
1999763
1999764
1999765
1999766
1999767
1999768
1999769
1999770
1999771
1999772
1999773
1999774
1999775
1999776
1999777
1999778
1999779
1999780
1999781
1999782
1999783
1999784
1999785
1999786
1999787
1999788
1999789
1999790
1999791
1999792
1999793
1999794
1999795
1999796
1999797
1999798
1999799
1999800
1999801
1999802
1999803
1999804
1999805
1999806
1999807
1999808
1999809
1999810
1999811
1999812
1999813
1999814
1999815
1999816
1999817
1999818
1999819
1999820
1999821
1999822
1999823
1999824
1999825
1999826
1999827
1999828
1999829
1999830
1999831
1999832
1999833
1999834
1999835
1999836
1999837
1999838
1999839
1999840
1999841
1999842
1999843
1999844
1999845
1999846
1999847
1999848
1999849
1999850
1999851
1999852
1999853
1999854
1999855
1999856
1999857
1999858
1999859
1999860
1999861
1999862
1999863
1999864
1999865
1999866
1999867
1999868
1999869
1999870
1999871
1999872
1999873
1999874
1999875
1999876
1999877
1999878
1999879
1999880
1999881
1999882
1999883
1999884
1999885
1999886
1999887
1999888
1999889
1999890
1999891
1999892
1999893
1999894
1999895
1999896
1999897
1999898
1999899
1999900
1999901
1999902
1999903
1999904
1999905
1999906
1999907
1999908
1999909
1999910
1999911
1999912
1999913
1999914
1999915
1999916
1999917
1999918
1999919
1999920
1999921
1999922
1999923
1999924
1999925
1999926
1999927
1999928
1999929
1999930
1999931
1999932
1999933
1999934
1999935
1999936
1999937
1999938
1999939
1999940
1999941
1999942
1999943
1999944
1999945
1999946
1999947
1999948
1999949
1999950
1999951
1999952
1999953
1999954
1999955
1999956
1999957
1999958
1999959
1999960
1999961
1999962
1999963
1999964
1999965
1999966
1999967
1999968
1999969
1999970
1999971
1999972
1999973
1999974
1999975
1999976
1999977
1999978
1999979
1999980
1999981
1999982
1999983
1999984
1999985
1999986
1999987
1999988
1999989
1999990
1999991
1999992
1999993
1999994
1999995
1999996
1999997
1999998
1999999
2000000
2000001
2000002
2000003
2000004
2000005
2000006
2000007
2000008
2000009
2000010
2000011
2000012
2000013
2000014
2000015
2000016
2000017
2000018
2000019
2000020
2000021
2000022
2000023
2000024
2000025
2000026
2000027
2000028
2000029
2000030
2000031
2000032
2000033
2000034
2000035
2000036
2000037
2000038
2000039
2000040
2000041
2000042
2000043
2000044
2000045
2000046
2000047
2000048
2000049
2000050
2000051
2000052
2000053
2000054
2000055
2000056
2000057
2000058
2000059
2000060
2000061
2000062
2000063
2000064
2000065
2000066
2000067
2000068
2000069
2000070
2000071
2000072
2000073
2000074
2000075
2000076
2000077
2000078
2000079
2000080
2000081
2000082
2000083
2000084
2000085
2000086
2000087
2000088
2000089
2000090
2000091
2000092
2000093
2000094
2000095
2000096
2000097
2000098
2000099
2000100
2000101
2000102
2000103
2000104
2000105
2000106
2000107
2000108
2000109
2000110
2000111
2000112
2000113
2000114
2000115
2000116
2000117
2000118
2000119
2000120
2000121
2000122
2000123
2000124
2000125
2000126
2000127
2000128
2000129
2000130
2000131
2000132
2000133
2000134
2000135
2000136
2000137
2000138
2000139
2000140
2000141
2000142
2000143
2000144
2000145
2000146
2000147
2000148
2000149
2000150
2000151
2000152
2000153
2000154
2000155
2000156
2000157
2000158
2000159
2000160
2000161
2000162
2000163
2000164
2000165
2000166
2000167
2000168
2000169
2000170
2000171
2000172
2000173
2000174
2000175
2000176
2000177
2000178
2000179
2000180
2000181
2000182
2000183
2000184
2000185
2000186
2000187
2000188
2000189
2000190
2000191
2000192
2000193
2000194
2000195
2000196
2000197
2000198
2000199
2000200
2000201
2000202
2000203
2000204
2000205
2000206
2000207
2000208
2000209
2000210
2000211
2000212
2000213
2000214
2000215
2000216
2000217
2000218
2000219
2000220
2000221
2000222
2000223
2000224
2000225
2000226
2000227
2000228
2000229
2000230
2000231
2000232
2000233
2000234
2000235
2000236
2000237
2000238
2000239
2000240
2000241
2000242
2000243
2000244
2000245
2000246
2000247
2000248
2000249
2000250
2000251
2000252
2000253
2000254
2000255
2000256
2000257
2000258
2000259
2000260
2000261
2000262
2000263
2000264
2000265
2000266
2000267
2000268
2000269
2000270
2000271
2000272
2000273
2000274
2000275
2000276
2000277
2000278
2000279
2000280
2000281
2000282
2000283
2000284
2000285
2000286
2000287
2000288
2000289
2000290
2000291
2000292
2000293
2000294
2000295
2000296
2000297
2000298
2000299
2000300
2000301
2000302
2000303
2000304
2000305
2000306
2000307
2000308
2000309
2000310
2000311
2000312
2000313
2000314
2000315
2000316
2000317
2000318
2000319
2000320
2000321
2000322
2000323
2000324
2000325
2000326
2000327
2000328
2000329
2000330
2000331
2000332
2000333
2000334
2000335
2000336
2000337
2000338
2000339
2000340
2000341
2000342
2000343
2000344
2000345
2000346
2000347
2000348
2000349
2000350
2000351
2000352
2000353
2000354
2000355
2000356
2000357
2000358
2000359
2000360
2000361
2000362
2000363
2000364
2000365
2000366
2000367
2000368
2000369
2000370
2000371
2000372
2000373
2000374
2000375
2000376
2000377
2000378
2000379
2000380
2000381
2000382
2000383
2000384
2000385
2000386
2000387
2000388
2000389
2000390
2000391
2000392
2000393
2000394
2000395
2000396
2000397
2000398
2000399
2000400
2000401
2000402
2000403
2000404
2000405
2000406
2000407
2000408
2000409
2000410
2000411
2000412
2000413
2000414
2000415
2000416
2000417
2000418
2000419
2000420
2000421
2000422
2000423
2000424
2000425
2000426
2000427
2000428
2000429
2000430
2000431
2000432
2000433
2000434
2000435
2000436
2000437
2000438
2000439
2000440
2000441
2000442
2000443
2000444
2000445
2000446
2000447
2000448
2000449
2000450
2000451
2000452
2000453
2000454
2000455
2000456
2000457
2000458
2000459
2000460
2000461
2000462
2000463
2000464
2000465
2000466
2000467
2000468
2000469
2000470
2000471
2000472
2000473
2000474
2000475
2000476
2000477
2000478
2000479
2000480
2000481
2000482
2000483
2000484
2000485
2000486
2000487
2000488
2000489
2000490
2000491
2000492
2000493
2000494
2000495
2000496
2000497
2000498
2000499
2000500
2000501
2000502
2000503
2000504
2000505
2000506
2000507
2000508
2000509
2000510
2000511
2000512
2000513
2000514
2000515
2000516
2000517
2000518
2000519
2000520
2000521
2000522
2000523
2000524
2000525
2000526
2000527
2000528
2000529
2000530
2000531
2000532
2000533
2000534
2000535
2000536
2000537
2000538
2000539
2000540
2000541
2000542
2000543
2000544
2000545
2000546
2000547
2000548
2000549
2000550
2000551
2000552
2000553
2000554
2000555
2000556
2000557
2000558
2000559
2000560
2000561
2000562
2000563
2000564
2000565
2000566
2000567
2000568
2000569
2000570
2000571
2000572
2000573
2000574
2000575
2000576
2000577
2000578
2000579
2000580
2000581
2000582
2000583
2000584
2000585
2000586
2000587
2000588
2000589
2000590
2000591
2000592
2000593
2000594
2000595
2000596
2000597
2000598
2000599
2000600
2000601
2000602
2000603
2000604
2000605
2000606
2000607
2000608
2000609
2000610
2000611
2000612
2000613
2000614
2000615
2000616
2000617
2000618
2000619
2000620
2000621
2000622
2000623
2000624
2000625
2000626
2000627
2000628
2000629
2000630
2000631
2000632
2000633
2000634
2000635
2000636
2000637
2000638
2000639
2000640
2000641
2000642
2000643
2000644
2000645
2000646
2000647
2000648
2000649
2000650
2000651
2000652
2000653
2000654
2000655
2000656
2000657
2000658
2000659
2000660
2000661
2000662
2000663
2000664
2000665
2000666
2000667
2000668
2000669
2000670
2000671
2000672
2000673
2000674
2000675
2000676
2000677
2000678
2000679
2000680
2000681
2000682
2000683
2000684
2000685
2000686
2000687
2000688
2000689
2000690
2000691
2000692
2000693
2000694
2000695
2000696
2000697
2000698
2000699
2000700
2000701
2000702
2000703
2000704
2000705
2000706
2000707
2000708
2000709
2000710
2000711
2000712
2000713
2000714
2000715
2000716
2000717
2000718
2000719
2000720
2000721
2000722
2000723
2000724
2000725
2000726
2000727
2000728
2000729
2000730
2000731
2000732
2000733
2000734
2000735
2000736
2000737
2000738
2000739
2000740
2000741
2000742
2000743
2000744
2000745
2000746
2000747
2000748
2000749
2000750
2000751
2000752
2000753
2000754
2000755
2000756
2000757
2000758
2000759
2000760
2000761
2000762
2000763
2000764
2000765
2000766
2000767
2000768
2000769
2000770
2000771
2000772
2000773
2000774
2000775
2000776
2000777
2000778
2000779
2000780
2000781
2000782
2000783
2000784
2000785
2000786
2000787
2000788
2000789
2000790
2000791
2000792
2000793
2000794
2000795
2000796
2000797
2000798
2000799
2000800
2000801
2000802
2000803
2000804
2000805
2000806
2000807
2000808
2000809
2000810
2000811
2000812
2000813
2000814
2000815
2000816
2000817
2000818
2000819
2000820
2000821
2000822
2000823
2000824
2000825
2000826
2000827
2000828
2000829
2000830
2000831
2000832
2000833
2000834
2000835
2000836
2000837
2000838
2000839
2000840
2000841
2000842
2000843
2000844
2000845
2000846
2000847
2000848
2000849
2000850
2000851
2000852
2000853
2000854
2000855
2000856
2000857
2000858
2000859
2000860
2000861
2000862
2000863
2000864
2000865
2000866
2000867
2000868
2000869
2000870
2000871
2000872
2000873
2000874
2000875
2000876
2000877
2000878
2000879
2000880
2000881
2000882
2000883
2000884
2000885
2000886
2000887
2000888
2000889
2000890
2000891
2000892
2000893
2000894
2000895
2000896
2000897
2000898
2000899
2000900
2000901
2000902
2000903
2000904
2000905
2000906
2000907
2000908
2000909
2000910
2000911
2000912
2000913
2000914
2000915
2000916
2000917
2000918
2000919
2000920
2000921
2000922
2000923
2000924
2000925
2000926
2000927
2000928
2000929
2000930
2000931
2000932
2000933
2000934
2000935
2000936
2000937
2000938
2000939
2000940
2000941
2000942
2000943
2000944
2000945
2000946
2000947
2000948
2000949
2000950
2000951
2000952
2000953
2000954
2000955
2000956
2000957
2000958
2000959
2000960
2000961
2000962
2000963
2000964
2000965
2000966
2000967
2000968
2000969
2000970
2000971
2000972
2000973
2000974
2000975
2000976
2000977
2000978
2000979
2000980
2000981
2000982
2000983
2000984
2000985
2000986
2000987
2000988
2000989
2000990
2000991
2000992
2000993
2000994
2000995
2000996
2000997
2000998
2000999
2001000
2001001
2001002
2001003
2001004
2001005
2001006
2001007
2001008
2001009
2001010
2001011
2001012
2001013
2001014
2001015
2001016
2001017
2001018
2001019
2001020
2001021
2001022
2001023
2001024
2001025
2001026
2001027
2001028
2001029
2001030
2001031
2001032
2001033
2001034
2001035
2001036
2001037
2001038
2001039
2001040
2001041
2001042
2001043
2001044
2001045
2001046
2001047
2001048
2001049
2001050
2001051
2001052
2001053
2001054
2001055
2001056
2001057
2001058
2001059
2001060
2001061
2001062
2001063
2001064
2001065
2001066
2001067
2001068
2001069
2001070
2001071
2001072
2001073
2001074
2001075
2001076
2001077
2001078
2001079
2001080
2001081
2001082
2001083
2001084
2001085
2001086
2001087
2001088
2001089
2001090
2001091
2001092
2001093
2001094
2001095
2001096
2001097
2001098
2001099
2001100
2001101
2001102
2001103
2001104
2001105
2001106
2001107
2001108
2001109
2001110
2001111
2001112
2001113
2001114
2001115
2001116
2001117
2001118
2001119
2001120
2001121
2001122
2001123
2001124
2001125
2001126
2001127
2001128
2001129
2001130
2001131
2001132
2001133
2001134
2001135
2001136
2001137
2001138
2001139
2001140
2001141
2001142
2001143
2001144
2001145
2001146
2001147
2001148
2001149
2001150
2001151
2001152
2001153
2001154
2001155
2001156
2001157
2001158
2001159
2001160
2001161
2001162
2001163
2001164
2001165
2001166
2001167
2001168
2001169
2001170
2001171
2001172
2001173
2001174
2001175
2001176
2001177
2001178
2001179
2001180
2001181
2001182
2001183
2001184
2001185
2001186
2001187
2001188
2001189
2001190
2001191
2001192
2001193
2001194
2001195
2001196
2001197
2001198
2001199
2001200
2001201
2001202
2001203
2001204
2001205
2001206
2001207
2001208
2001209
2001210
2001211
2001212
2001213
2001214
2001215
2001216
2001217
2001218
2001219
2001220
2001221
2001222
2001223
2001224
2001225
2001226
2001227
2001228
2001229
2001230
2001231
2001232
2001233
2001234
2001235
2001236
2001237
2001238
2001239
2001240
2001241
2001242
2001243
2001244
2001245
2001246
2001247
2001248
2001249
2001250
2001251
2001252
2001253
2001254
2001255
2001256
2001257
2001258
2001259
2001260
2001261
2001262
2001263
2001264
2001265
2001266
2001267
2001268
2001269
2001270
2001271
2001272
2001273
2001274
2001275
2001276
2001277
2001278
2001279
2001280
2001281
2001282
2001283
2001284
2001285
2001286
2001287
2001288
2001289
2001290
2001291
2001292
2001293
2001294
2001295
2001296
2001297
2001298
2001299
2001300
2001301
2001302
2001303
2001304
2001305
2001306
2001307
2001308
2001309
2001310
2001311
2001312
2001313
2001314
2001315
2001316
2001317
2001318
2001319
2001320
2001321
2001322
2001323
2001324
2001325
2001326
2001327
2001328
2001329
2001330
2001331
2001332
2001333
2001334
2001335
2001336
2001337
2001338
2001339
2001340
2001341
2001342
2001343
2001344
2001345
2001346
2001347
2001348
2001349
2001350
2001351
2001352
2001353
2001354
2001355
2001356
2001357
2001358
2001359
2001360
2001361
2001362
2001363
2001364
2001365
2001366
2001367
2001368
2001369
2001370
2001371
2001372
2001373
2001374
2001375
2001376
2001377
2001378
2001379
2001380
2001381
2001382
2001383
2001384
2001385
2001386
2001387
2001388
2001389
2001390
2001391
2001392
2001393
2001394
2001395
2001396
2001397
2001398
2001399
2001400
2001401
2001402
2001403
2001404
2001405
2001406
2001407
2001408
2001409
2001410
2001411
2001412
2001413
2001414
2001415
2001416
2001417
2001418
2001419
2001420
2001421
2001422
2001423
2001424
2001425
2001426
2001427
2001428
2001429
2001430
2001431
2001432
2001433
2001434
2001435
2001436
2001437
2001438
2001439
2001440
2001441
2001442
2001443
2001444
2001445
2001446
2001447
2001448
2001449
2001450
2001451
2001452
2001453
2001454
2001455
2001456
2001457
2001458
2001459
2001460
2001461
2001462
2001463
2001464
2001465
2001466
2001467
2001468
2001469
2001470
2001471
2001472
2001473
2001474
2001475
2001476
2001477
2001478
2001479
2001480
2001481
2001482
2001483
2001484
2001485
2001486
2001487
2001488
2001489
2001490
2001491
2001492
2001493
2001494
2001495
2001496
2001497
2001498
2001499
2001500
2001501
2001502
2001503
2001504
2001505
2001506
2001507
2001508
2001509
2001510
2001511
2001512
2001513
2001514
2001515
2001516
2001517
2001518
2001519
2001520
2001521
2001522
2001523
2001524
2001525
2001526
2001527
2001528
2001529
2001530
2001531
2001532
2001533
2001534
2001535
2001536
2001537
2001538
2001539
2001540
2001541
2001542
2001543
2001544
2001545
2001546
2001547
2001548
2001549
2001550
2001551
2001552
2001553
2001554
2001555
2001556
2001557
2001558
2001559
2001560
2001561
2001562
2001563
2001564
2001565
2001566
2001567
2001568
2001569
2001570
2001571
2001572
2001573
2001574
2001575
2001576
2001577
2001578
2001579
2001580
2001581
2001582
2001583
2001584
2001585
2001586
2001587
2001588
2001589
2001590
2001591
2001592
2001593
2001594
2001595
2001596
2001597
2001598
2001599
2001600
2001601
2001602
2001603
2001604
2001605
2001606
2001607
2001608
2001609
2001610
2001611
2001612
2001613
2001614
2001615
2001616
2001617
2001618
2001619
2001620
2001621
2001622
2001623
2001624
2001625
2001626
2001627
2001628
2001629
2001630
2001631
2001632
2001633
2001634
2001635
2001636
2001637
2001638
2001639
2001640
2001641
2001642
2001643
2001644
2001645
2001646
2001647
2001648
2001649
2001650
2001651
2001652
2001653
2001654
2001655
2001656
2001657
2001658
2001659
2001660
2001661
2001662
2001663
2001664
2001665
2001666
2001667
2001668
2001669
2001670
2001671
2001672
2001673
2001674
2001675
2001676
2001677
2001678
2001679
2001680
2001681
2001682
2001683
2001684
2001685
2001686
2001687
2001688
2001689
2001690
2001691
2001692
2001693
2001694
2001695
2001696
2001697
2001698
2001699
2001700
2001701
2001702
2001703
2001704
2001705
2001706
2001707
2001708
2001709
2001710
2001711
2001712
2001713
2001714
2001715
2001716
2001717
2001718
2001719
2001720
2001721
2001722
2001723
2001724
2001725
2001726
2001727
2001728
2001729
2001730
2001731
2001732
2001733
2001734
2001735
2001736
2001737
2001738
2001739
2001740
2001741
2001742
2001743
2001744
2001745
2001746
2001747
2001748
2001749
2001750
2001751
2001752
2001753
2001754
2001755
2001756
2001757
2001758
2001759
2001760
2001761
2001762
2001763
2001764
2001765
2001766
2001767
2001768
2001769
2001770
2001771
2001772
2001773
2001774
2001775
2001776
2001777
2001778
2001779
2001780
2001781
2001782
2001783
2001784
2001785
2001786
2001787
2001788
2001789
2001790
2001791
2001792
2001793
2001794
2001795
2001796
2001797
2001798
2001799
2001800
2001801
2001802
2001803
2001804
2001805
2001806
2001807
2001808
2001809
2001810
2001811
2001812
2001813
2001814
2001815
2001816
2001817
2001818
2001819
2001820
2001821
2001822
2001823
2001824
2001825
2001826
2001827
2001828
2001829
2001830
2001831
2001832
2001833
2001834
2001835
2001836
2001837
2001838
2001839
2001840
2001841
2001842
2001843
2001844
2001845
2001846
2001847
2001848
2001849
2001850
2001851
2001852
2001853
2001854
2001855
2001856
2001857
2001858
2001859
2001860
2001861
2001862
2001863
2001864
2001865
2001866
2001867
2001868
2001869
2001870
2001871
2001872
2001873
2001874
2001875
2001876
2001877
2001878
2001879
2001880
2001881
2001882
2001883
2001884
2001885
2001886
2001887
2001888
2001889
2001890
2001891
2001892
2001893
2001894
2001895
2001896
2001897
2001898
2001899
2001900
2001901
2001902
2001903
2001904
2001905
2001906
2001907
2001908
2001909
2001910
2001911
2001912
2001913
2001914
2001915
2001916
2001917
2001918
2001919
2001920
2001921
2001922
2001923
2001924
2001925
2001926
2001927
2001928
2001929
2001930
2001931
2001932
2001933
2001934
2001935
2001936
2001937
2001938
2001939
2001940
2001941
2001942
2001943
2001944
2001945
2001946
2001947
2001948
2001949
2001950
2001951
2001952
2001953
2001954
2001955
2001956
2001957
2001958
2001959
2001960
2001961
2001962
2001963
2001964
2001965
2001966
2001967
2001968
2001969
2001970
2001971
2001972
2001973
2001974
2001975
2001976
2001977
2001978
2001979
2001980
2001981
2001982
2001983
2001984
2001985
2001986
2001987
2001988
2001989
2001990
2001991
2001992
2001993
2001994
2001995
2001996
2001997
2001998
2001999
2002000
2002001
2002002
2002003
2002004
2002005
2002006
2002007
2002008
2002009
2002010
2002011
2002012
2002013
2002014
2002015
2002016
2002017
2002018
2002019
2002020
2002021
2002022
2002023
2002024
2002025
2002026
2002027
2002028
2002029
2002030
2002031
2002032
2002033
2002034
2002035
2002036
2002037
2002038
2002039
2002040
2002041
2002042
2002043
2002044
2002045
2002046
2002047
2002048
2002049
2002050
2002051
2002052
2002053
2002054
2002055
2002056
2002057
2002058
2002059
2002060
2002061
2002062
2002063
2002064
2002065
2002066
2002067
2002068
2002069
2002070
2002071
2002072
2002073
2002074
2002075
2002076
2002077
2002078
2002079
2002080
2002081
2002082
2002083
2002084
2002085
2002086
2002087
2002088
2002089
2002090
2002091
2002092
2002093
2002094
2002095
2002096
2002097
2002098
2002099
2002100
2002101
2002102
2002103
2002104
2002105
2002106
2002107
2002108
2002109
2002110
2002111
2002112
2002113
2002114
2002115
2002116
2002117
2002118
2002119
2002120
2002121
2002122
2002123
2002124
2002125
2002126
2002127
2002128
2002129
2002130
2002131
2002132
2002133
2002134
2002135
2002136
2002137
2002138
2002139
2002140
2002141
2002142
2002143
2002144
2002145
2002146
2002147
2002148
2002149
2002150
2002151
2002152
2002153
2002154
2002155
2002156
2002157
2002158
2002159
2002160
2002161
2002162
2002163
2002164
2002165
2002166
2002167
2002168
2002169
2002170
2002171
2002172
2002173
2002174
2002175
2002176
2002177
2002178
2002179
2002180
2002181
2002182
2002183
2002184
2002185
2002186
2002187
2002188
2002189
2002190
2002191
2002192
2002193
2002194
2002195
2002196
2002197
2002198
2002199
2002200
2002201
2002202
2002203
2002204
2002205
2002206
2002207
2002208
2002209
2002210
2002211
2002212
2002213
2002214
2002215
2002216
2002217
2002218
2002219
2002220
2002221
2002222
2002223
2002224
2002225
2002226
2002227
2002228
2002229
2002230
2002231
2002232
2002233
2002234
2002235
2002236
2002237
2002238
2002239
2002240
2002241
2002242
2002243
2002244
2002245
2002246
2002247
2002248
2002249
2002250
2002251
2002252
2002253
2002254
2002255
2002256
2002257
2002258
2002259
2002260
2002261
2002262
2002263
2002264
2002265
2002266
2002267
2002268
2002269
2002270
2002271
2002272
2002273
2002274
2002275
2002276
2002277
2002278
2002279
2002280
2002281
2002282
2002283
2002284
2002285
2002286
2002287
2002288
2002289
2002290
2002291
2002292
2002293
2002294
2002295
2002296
2002297
2002298
2002299
2002300
2002301
2002302
2002303
2002304
2002305
2002306
2002307
2002308
2002309
2002310
2002311
2002312
2002313
2002314
2002315
2002316
2002317
2002318
2002319
2002320
2002321
2002322
2002323
2002324
2002325
2002326
2002327
2002328
2002329
2002330
2002331
2002332
2002333
2002334
2002335
2002336
2002337
2002338
2002339
2002340
2002341
2002342
2002343
2002344
2002345
2002346
2002347
2002348
2002349
2002350
2002351
2002352
2002353
2002354
2002355
2002356
2002357
2002358
2002359
2002360
2002361
2002362
2002363
2002364
2002365
2002366
2002367
2002368
2002369
2002370
2002371
2002372
2002373
2002374
2002375
2002376
2002377
2002378
2002379
2002380
2002381
2002382
2002383
2002384
2002385
2002386
2002387
2002388
2002389
2002390
2002391
2002392
2002393
2002394
2002395
2002396
2002397
2002398
2002399
2002400
2002401
2002402
2002403
2002404
2002405
2002406
2002407
2002408
2002409
2002410
2002411
2002412
2002413
2002414
2002415
2002416
2002417
2002418
2002419
2002420
2002421
2002422
2002423
2002424
2002425
2002426
2002427
2002428
2002429
2002430
2002431
2002432
2002433
2002434
2002435
2002436
2002437
2002438
2002439
2002440
2002441
2002442
2002443
2002444
2002445
2002446
2002447
2002448
2002449
2002450
2002451
2002452
2002453
2002454
2002455
2002456
2002457
2002458
2002459
2002460
2002461
2002462
2002463
2002464
2002465
2002466
2002467
2002468
2002469
2002470
2002471
2002472
2002473
2002474
2002475
2002476
2002477
2002478
2002479
2002480
2002481
2002482
2002483
2002484
2002485
2002486
2002487
2002488
2002489
2002490
2002491
2002492
2002493
2002494
2002495
2002496
2002497
2002498
2002499
2002500
2002501
2002502
2002503
2002504
2002505
2002506
2002507
2002508
2002509
2002510
2002511
2002512
2002513
2002514
2002515
2002516
2002517
2002518
2002519
2002520
2002521
2002522
2002523
2002524
2002525
2002526
2002527
2002528
2002529
2002530
2002531
2002532
2002533
2002534
2002535
2002536
2002537
2002538
2002539
2002540
2002541
2002542
2002543
2002544
2002545
2002546
2002547
2002548
2002549
2002550
2002551
2002552
2002553
2002554
2002555
2002556
2002557
2002558
2002559
2002560
2002561
2002562
2002563
2002564
2002565
2002566
2002567
2002568
2002569
2002570
2002571
2002572
2002573
2002574
2002575
2002576
2002577
2002578
2002579
2002580
2002581
2002582
2002583
2002584
2002585
2002586
2002587
2002588
2002589
2002590
2002591
2002592
2002593
2002594
2002595
2002596
2002597
2002598
2002599
2002600
2002601
2002602
2002603
2002604
2002605
2002606
2002607
2002608
2002609
2002610
2002611
2002612
2002613
2002614
2002615
2002616
2002617
2002618
2002619
2002620
2002621
2002622
2002623
2002624
2002625
2002626
2002627
2002628
2002629
2002630
2002631
2002632
2002633
2002634
2002635
2002636
2002637
2002638
2002639
2002640
2002641
2002642
2002643
2002644
2002645
2002646
2002647
2002648
2002649
2002650
2002651
2002652
2002653
2002654
2002655
2002656
2002657
2002658
2002659
2002660
2002661
2002662
2002663
2002664
2002665
2002666
2002667
2002668
2002669
2002670
2002671
2002672
2002673
2002674
2002675
2002676
2002677
2002678
2002679
2002680
2002681
2002682
2002683
2002684
2002685
2002686
2002687
2002688
2002689
2002690
2002691
2002692
2002693
2002694
2002695
2002696
2002697
2002698
2002699
2002700
2002701
2002702
2002703
2002704
2002705
2002706
2002707
2002708
2002709
2002710
2002711
2002712
2002713
2002714
2002715
2002716
2002717
2002718
2002719
2002720
2002721
2002722
2002723
2002724
2002725
2002726
2002727
2002728
2002729
2002730
2002731
2002732
2002733
2002734
2002735
2002736
2002737
2002738
2002739
2002740
2002741
2002742
2002743
2002744
2002745
2002746
2002747
2002748
2002749
2002750
2002751
2002752
2002753
2002754
2002755
2002756
2002757
2002758
2002759
2002760
2002761
2002762
2002763
2002764
2002765
2002766
2002767
2002768
2002769
2002770
2002771
2002772
2002773
2002774
2002775
2002776
2002777
2002778
2002779
2002780
2002781
2002782
2002783
2002784
2002785
2002786
2002787
2002788
2002789
2002790
2002791
2002792
2002793
2002794
2002795
2002796
2002797
2002798
2002799
2002800
2002801
2002802
2002803
2002804
2002805
2002806
2002807
2002808
2002809
2002810
2002811
2002812
2002813
2002814
2002815
2002816
2002817
2002818
2002819
2002820
2002821
2002822
2002823
2002824
2002825
2002826
2002827
2002828
2002829
2002830
2002831
2002832
2002833
2002834
2002835
2002836
2002837
2002838
2002839
2002840
2002841
2002842
2002843
2002844
2002845
2002846
2002847
2002848
2002849
2002850
2002851
2002852
2002853
2002854
2002855
2002856
2002857
2002858
2002859
2002860
2002861
2002862
2002863
2002864
2002865
2002866
2002867
2002868
2002869
2002870
2002871
2002872
2002873
2002874
2002875
2002876
2002877
2002878
2002879
2002880
2002881
2002882
2002883
2002884
2002885
2002886
2002887
2002888
2002889
2002890
2002891
2002892
2002893
2002894
2002895
2002896
2002897
2002898
2002899
2002900
2002901
2002902
2002903
2002904
2002905
2002906
2002907
2002908
2002909
2002910
2002911
2002912
2002913
2002914
2002915
2002916
2002917
2002918
2002919
2002920
2002921
2002922
2002923
2002924
2002925
2002926
2002927
2002928
2002929
2002930
2002931
2002932
2002933
2002934
2002935
2002936
2002937
2002938
2002939
2002940
2002941
2002942
2002943
2002944
2002945
2002946
2002947
2002948
2002949
2002950
2002951
2002952
2002953
2002954
2002955
2002956
2002957
2002958
2002959
2002960
2002961
2002962
2002963
2002964
2002965
2002966
2002967
2002968
2002969
2002970
2002971
2002972
2002973
2002974
2002975
2002976
2002977
2002978
2002979
2002980
2002981
2002982
2002983
2002984
2002985
2002986
2002987
2002988
2002989
2002990
2002991
2002992
2002993
2002994
2002995
2002996
2002997
2002998
2002999
2003000
2003001
2003002
2003003
2003004
2003005
2003006
2003007
2003008
2003009
2003010
2003011
2003012
2003013
2003014
2003015
2003016
2003017
2003018
2003019
2003020
2003021
2003022
2003023
2003024
2003025
2003026
2003027
2003028
2003029
2003030
2003031
2003032
2003033
2003034
2003035
2003036
2003037
2003038
2003039
2003040
2003041
2003042
2003043
2003044
2003045
2003046
2003047
2003048
2003049
2003050
2003051
2003052
2003053
2003054
2003055
2003056
2003057
2003058
2003059
2003060
2003061
2003062
2003063
2003064
2003065
2003066
2003067
2003068
2003069
2003070
2003071
2003072
2003073
2003074
2003075
2003076
2003077
2003078
2003079
2003080
2003081
2003082
2003083
2003084
2003085
2003086
2003087
2003088
2003089
2003090
2003091
2003092
2003093
2003094
2003095
2003096
2003097
2003098
2003099
2003100
2003101
2003102
2003103
2003104
2003105
2003106
2003107
2003108
2003109
2003110
2003111
2003112
2003113
2003114
2003115
2003116
2003117
2003118
2003119
2003120
2003121
2003122
2003123
2003124
2003125
2003126
2003127
2003128
2003129
2003130
2003131
2003132
2003133
2003134
2003135
2003136
2003137
2003138
2003139
2003140
2003141
2003142
2003143
2003144
2003145
2003146
2003147
2003148
2003149
2003150
2003151
2003152
2003153
2003154
2003155
2003156
2003157
2003158
2003159
2003160
2003161
2003162
2003163
2003164
2003165
2003166
2003167
2003168
2003169
2003170
2003171
2003172
2003173
2003174
2003175
2003176
2003177
2003178
2003179
2003180
2003181
2003182
2003183
2003184
2003185
2003186
2003187
2003188
2003189
2003190
2003191
2003192
2003193
2003194
2003195
2003196
2003197
2003198
2003199
2003200
2003201
2003202
2003203
2003204
2003205
2003206
2003207
2003208
2003209
2003210
2003211
2003212
2003213
2003214
2003215
2003216
2003217
2003218
2003219
2003220
2003221
2003222
2003223
2003224
2003225
2003226
2003227
2003228
2003229
2003230
2003231
2003232
2003233
2003234
2003235
2003236
2003237
2003238
2003239
2003240
2003241
2003242
2003243
2003244
2003245
2003246
2003247
2003248
2003249
2003250
2003251
2003252
2003253
2003254
2003255
2003256
2003257
2003258
2003259
2003260
2003261
2003262
2003263
2003264
2003265
2003266
2003267
2003268
2003269
2003270
2003271
2003272
2003273
2003274
2003275
2003276
2003277
2003278
2003279
2003280
2003281
2003282
2003283
2003284
2003285
2003286
2003287
2003288
2003289
2003290
2003291
2003292
2003293
2003294
2003295
2003296
2003297
2003298
2003299
2003300
2003301
2003302
2003303
2003304
2003305
2003306
2003307
2003308
2003309
2003310
2003311
2003312
2003313
2003314
2003315
2003316
2003317
2003318
2003319
2003320
2003321
2003322
2003323
2003324
2003325
2003326
2003327
2003328
2003329
2003330
2003331
2003332
2003333
2003334
2003335
2003336
2003337
2003338
2003339
2003340
2003341
2003342
2003343
2003344
2003345
2003346
2003347
2003348
2003349
2003350
2003351
2003352
2003353
2003354
2003355
2003356
2003357
2003358
2003359
2003360
2003361
2003362
2003363
2003364
2003365
2003366
2003367
2003368
2003369
2003370
2003371
2003372
2003373
2003374
2003375
2003376
2003377
2003378
2003379
2003380
2003381
2003382
2003383
2003384
2003385
2003386
2003387
2003388
2003389
2003390
2003391
2003392
2003393
2003394
2003395
2003396
2003397
2003398
2003399
2003400
2003401
2003402
2003403
2003404
2003405
2003406
2003407
2003408
2003409
2003410
2003411
2003412
2003413
2003414
2003415
2003416
2003417
2003418
2003419
2003420
2003421
2003422
2003423
2003424
2003425
2003426
2003427
2003428
2003429
2003430
2003431
2003432
2003433
2003434
2003435
2003436
2003437
2003438
2003439
2003440
2003441
2003442
2003443
2003444
2003445
2003446
2003447
2003448
2003449
2003450
2003451
2003452
2003453
2003454
2003455
2003456
2003457
2003458
2003459
2003460
2003461
2003462
2003463
2003464
2003465
2003466
2003467
2003468
2003469
2003470
2003471
2003472
2003473
2003474
2003475
2003476
2003477
2003478
2003479
2003480
2003481
2003482
2003483
2003484
2003485
2003486
2003487
2003488
2003489
2003490
2003491
2003492
2003493
2003494
2003495
2003496
2003497
2003498
2003499
2003500
2003501
2003502
2003503
2003504
2003505
2003506
2003507
2003508
2003509
2003510
2003511
2003512
2003513
2003514
2003515
2003516
2003517
2003518
2003519
2003520
2003521
2003522
2003523
2003524
2003525
2003526
2003527
2003528
2003529
2003530
2003531
2003532
2003533
2003534
2003535
2003536
2003537
2003538
2003539
2003540
2003541
2003542
2003543
2003544
2003545
2003546
2003547
2003548
2003549
2003550
2003551
2003552
2003553
2003554
2003555
2003556
2003557
2003558
2003559
2003560
2003561
2003562
2003563
2003564
2003565
2003566
2003567
2003568
2003569
2003570
2003571
2003572
2003573
2003574
2003575
2003576
2003577
2003578
2003579
2003580
2003581
2003582
2003583
2003584
2003585
2003586
2003587
2003588
2003589
2003590
2003591
2003592
2003593
2003594
2003595
2003596
2003597
2003598
2003599
2003600
2003601
2003602
2003603
2003604
2003605
2003606
2003607
2003608
2003609
2003610
2003611
2003612
2003613
2003614
2003615
2003616
2003617
2003618
2003619
2003620
2003621
2003622
2003623
2003624
2003625
2003626
2003627
2003628
2003629
2003630
2003631
2003632
2003633
2003634
2003635
2003636
2003637
2003638
2003639
2003640
2003641
2003642
2003643
2003644
2003645
2003646
2003647
2003648
2003649
2003650
2003651
2003652
2003653
2003654
2003655
2003656
2003657
2003658
2003659
2003660
2003661
2003662
2003663
2003664
2003665
2003666
2003667
2003668
2003669
2003670
2003671
2003672
2003673
2003674
2003675
2003676
2003677
2003678
2003679
2003680
2003681
2003682
2003683
2003684
2003685
2003686
2003687
2003688
2003689
2003690
2003691
2003692
2003693
2003694
2003695
2003696
2003697
2003698
2003699
2003700
2003701
2003702
2003703
2003704
2003705
2003706
2003707
2003708
2003709
2003710
2003711
2003712
2003713
2003714
2003715
2003716
2003717
2003718
2003719
2003720
2003721
2003722
2003723
2003724
2003725
2003726
2003727
2003728
2003729
2003730
2003731
2003732
2003733
2003734
2003735
2003736
2003737
2003738
2003739
2003740
2003741
2003742
2003743
2003744
2003745
2003746
2003747
2003748
2003749
2003750
2003751
2003752
2003753
2003754
2003755
2003756
2003757
2003758
2003759
2003760
2003761
2003762
2003763
2003764
2003765
2003766
2003767
2003768
2003769
2003770
2003771
2003772
2003773
2003774
2003775
2003776
2003777
2003778
2003779
